date,province,day_of_week,is_weekend,is_public_holiday,holiday_name,is_school_holiday,days_to_holiday,days_since_holiday
2023-01-01,New South Wales,Sunday,True,True,New Year's Day,True,0,0
2023-01-02,New South Wales,Monday,False,False,None,True,24,1
2023-01-03,New South Wales,Tuesday,False,False,None,True,23,2
2023-01-04,New South Wales,Wednesday,False,False,None,True,22,3
2023-01-05,New South Wales,Thursday,False,False,None,True,21,4
2023-01-06,New South Wales,Friday,False,False,None,True,20,5
2023-01-07,New South Wales,Saturday,True,False,None,True,19,6
2023-01-08,New South Wales,Sunday,True,False,None,True,18,7
2023-01-09,New South Wales,Monday,False,False,None,True,17,8
2023-01-10,New South Wales,Tuesday,False,False,None,True,16,9
2023-01-11,New South Wales,Wednesday,False,False,None,True,15,10
2023-01-12,New South Wales,Thursday,False,False,None,True,14,11
2023-01-13,New South Wales,Friday,False,False,None,True,13,12
2023-01-14,New South Wales,Saturday,True,False,None,True,12,13
2023-01-15,New South Wales,Sunday,True,False,None,True,11,14
2023-01-16,New South Wales,Monday,False,False,None,True,10,15
2023-01-17,New South Wales,Tuesday,False,False,None,True,9,16
2023-01-18,New South Wales,Wednesday,False,False,None,True,8,17
2023-01-19,New South Wales,Thursday,False,False,None,True,7,18
2023-01-20,New South Wales,Friday,False,False,None,True,6,19
2023-01-21,New South Wales,Saturday,True,False,None,True,5,20
2023-01-22,New South Wales,Sunday,True,False,None,True,4,21
2023-01-23,New South Wales,Monday,False,False,None,True,3,22
2023-01-24,New South Wales,Tuesday,False,False,None,True,2,23
2023-01-25,New South Wales,Wednesday,False,False,None,True,1,24
2023-01-26,New South Wales,Thursday,False,True,Australia Day,True,0,0
2023-01-27,New South Wales,Friday,False,False,None,True,30,1
2023-01-28,New South Wales,Saturday,True,False,None,True,30,2
2023-01-29,New South Wales,Sunday,True,False,None,False,30,3
2023-01-30,New South Wales,Monday,False,False,None,False,30,4
2023-01-31,New South Wales,Tuesday,False,False,None,False,30,5
2023-02-01,New South Wales,Wednesday,False,False,None,False,30,6
2023-02-02,New South Wales,Thursday,False,False,None,False,30,7
2023-02-03,New South Wales,Friday,False,False,None,False,30,8
2023-02-04,New South Wales,Saturday,True,False,None,False,30,9
2023-02-05,New South Wales,Sunday,True,False,None,False,30,10
2023-02-06,New South Wales,Monday,False,False,None,False,30,11
2023-02-07,New South Wales,Tuesday,False,False,None,False,30,12
2023-02-08,New South Wales,Wednesday,False,False,None,False,30,13
2023-02-09,New South Wales,Thursday,False,False,None,False,30,14
2023-02-10,New South Wales,Friday,False,False,None,False,30,15
2023-02-11,New South Wales,Saturday,True,False,None,False,30,16
2023-02-12,New South Wales,Sunday,True,False,None,False,30,17
2023-02-13,New South Wales,Monday,False,False,None,False,30,18
2023-02-14,New South Wales,Tuesday,False,False,None,False,30,19
2023-02-15,New South Wales,Wednesday,False,False,None,False,30,20
2023-02-16,New South Wales,Thursday,False,False,None,False,30,21
2023-02-17,New South Wales,Friday,False,False,None,False,30,22
2023-02-18,New South Wales,Saturday,True,False,None,False,30,23
2023-02-19,New South Wales,Sunday,True,False,None,False,30,24
2023-02-20,New South Wales,Monday,False,False,None,False,30,25
2023-02-21,New South Wales,Tuesday,False,False,None,False,30,26
2023-02-22,New South Wales,Wednesday,False,False,None,False,30,27
2023-02-23,New South Wales,Thursday,False,False,None,False,30,28
2023-02-24,New South Wales,Friday,False,False,None,False,30,29
2023-02-25,New South Wales,Saturday,True,False,None,False,30,30
2023-02-26,New South Wales,Sunday,True,False,None,False,30,30
2023-02-27,New South Wales,Monday,False,False,None,False,30,30
2023-02-28,New South Wales,Tuesday,False,False,None,False,30,30
2023-03-01,New South Wales,Wednesday,False,False,None,False,30,30
2023-03-02,New South Wales,Thursday,False,False,None,False,30,30
2023-03-03,New South Wales,Friday,False,False,None,False,30,30
2023-03-04,New South Wales,Saturday,True,False,None,False,30,30
2023-03-05,New South Wales,Sunday,True,False,None,False,30,30
2023-03-06,New South Wales,Monday,False,False,None,False,30,30
2023-03-07,New South Wales,Tuesday,False,False,None,False,30,30
2023-03-08,New South Wales,Wednesday,False,False,None,False,30,30
2023-03-09,New South Wales,Thursday,False,False,None,False,29,30
2023-03-10,New South Wales,Friday,False,False,None,False,28,30
2023-03-11,New South Wales,Saturday,True,False,None,False,27,30
2023-03-12,New South Wales,Sunday,True,False,None,False,26,30
2023-03-13,New South Wales,Monday,False,False,None,False,25,30
2023-03-14,New South Wales,Tuesday,False,False,None,False,24,30
2023-03-15,New South Wales,Wednesday,False,False,None,False,23,30
2023-03-16,New South Wales,Thursday,False,False,None,False,22,30
2023-03-17,New South Wales,Friday,False,False,None,False,21,30
2023-03-18,New South Wales,Saturday,True,False,None,False,20,30
2023-03-19,New South Wales,Sunday,True,False,None,False,19,30
2023-03-20,New South Wales,Monday,False,False,None,False,18,30
2023-03-21,New South Wales,Tuesday,False,False,None,False,17,30
2023-03-22,New South Wales,Wednesday,False,False,None,False,16,30
2023-03-23,New South Wales,Thursday,False,False,None,False,15,30
2023-03-24,New South Wales,Friday,False,False,None,False,14,30
2023-03-25,New South Wales,Saturday,True,False,None,False,13,30
2023-03-26,New South Wales,Sunday,True,False,None,False,12,30
2023-03-27,New South Wales,Monday,False,False,None,False,11,30
2023-03-28,New South Wales,Tuesday,False,False,None,False,10,30
2023-03-29,New South Wales,Wednesday,False,False,None,False,9,30
2023-03-30,New South Wales,Thursday,False,False,None,False,8,30
2023-03-31,New South Wales,Friday,False,False,None,False,7,30
2023-04-01,New South Wales,Saturday,True,False,None,False,6,30
2023-04-02,New South Wales,Sunday,True,False,None,True,5,30
2023-04-03,New South Wales,Monday,False,False,None,True,4,30
2023-04-04,New South Wales,Tuesday,False,False,None,True,3,30
2023-04-05,New South Wales,Wednesday,False,False,None,True,2,30
2023-04-06,New South Wales,Thursday,False,False,None,True,1,30
2023-04-07,New South Wales,Friday,False,True,Good Friday,True,0,0
2023-04-08,New South Wales,Saturday,True,True,Easter Saturday,True,0,0
2023-04-09,New South Wales,Sunday,True,False,None,True,1,1
2023-04-10,New South Wales,Monday,False,True,Easter Monday,True,0,0
2023-04-11,New South Wales,Tuesday,False,False,None,True,14,1
2023-04-12,New South Wales,Wednesday,False,False,None,True,13,2
2023-04-13,New South Wales,Thursday,False,False,None,True,12,3
2023-04-14,New South Wales,Friday,False,False,None,True,11,4
2023-04-15,New South Wales,Saturday,True,False,None,True,10,5
2023-04-16,New South Wales,Sunday,True,False,None,True,9,6
2023-04-17,New South Wales,Monday,False,False,None,False,8,7
2023-04-18,New South Wales,Tuesday,False,False,None,False,7,8
2023-04-19,New South Wales,Wednesday,False,False,None,False,6,9
2023-04-20,New South Wales,Thursday,False,False,None,False,5,10
2023-04-21,New South Wales,Friday,False,False,None,False,4,11
2023-04-22,New South Wales,Saturday,True,False,None,False,3,12
2023-04-23,New South Wales,Sunday,True,False,None,False,2,13
2023-04-24,New South Wales,Monday,False,False,None,False,1,14
2023-04-25,New South Wales,Tuesday,False,True,ANZAC Day,False,0,0
2023-04-26,New South Wales,Wednesday,False,False,None,False,30,1
2023-04-27,New South Wales,Thursday,False,False,None,False,30,2
2023-04-28,New South Wales,Friday,False,False,None,False,30,3
2023-04-29,New South Wales,Saturday,True,False,None,False,30,4
2023-04-30,New South Wales,Sunday,True,False,None,False,30,5
2023-05-01,New South Wales,Monday,False,False,None,False,30,6
2023-05-02,New South Wales,Tuesday,False,False,None,False,30,7
2023-05-03,New South Wales,Wednesday,False,False,None,False,30,8
2023-05-04,New South Wales,Thursday,False,False,None,False,30,9
2023-05-05,New South Wales,Friday,False,False,None,False,30,10
2023-05-06,New South Wales,Saturday,True,False,None,False,30,11
2023-05-07,New South Wales,Sunday,True,False,None,False,30,12
2023-05-08,New South Wales,Monday,False,False,None,False,30,13
2023-05-09,New South Wales,Tuesday,False,False,None,False,30,14
2023-05-10,New South Wales,Wednesday,False,False,None,False,30,15
2023-05-11,New South Wales,Thursday,False,False,None,False,30,16
2023-05-12,New South Wales,Friday,False,False,None,False,30,17
2023-05-13,New South Wales,Saturday,True,False,None,False,30,18
2023-05-14,New South Wales,Sunday,True,False,None,False,29,19
2023-05-15,New South Wales,Monday,False,False,None,False,28,20
2023-05-16,New South Wales,Tuesday,False,False,None,False,27,21
2023-05-17,New South Wales,Wednesday,False,False,None,False,26,22
2023-05-18,New South Wales,Thursday,False,False,None,False,25,23
2023-05-19,New South Wales,Friday,False,False,None,False,24,24
2023-05-20,New South Wales,Saturday,True,False,None,False,23,25
2023-05-21,New South Wales,Sunday,True,False,None,False,22,26
2023-05-22,New South Wales,Monday,False,False,None,False,21,27
2023-05-23,New South Wales,Tuesday,False,False,None,False,20,28
2023-05-24,New South Wales,Wednesday,False,False,None,False,19,29
2023-05-25,New South Wales,Thursday,False,False,None,False,18,30
2023-05-26,New South Wales,Friday,False,False,None,False,17,30
2023-05-27,New South Wales,Saturday,True,False,None,False,16,30
2023-05-28,New South Wales,Sunday,True,False,None,False,15,30
2023-05-29,New South Wales,Monday,False,False,None,False,14,30
2023-05-30,New South Wales,Tuesday,False,False,None,False,13,30
2023-05-31,New South Wales,Wednesday,False,False,None,False,12,30
2023-06-01,New South Wales,Thursday,False,False,None,False,11,30
2023-06-02,New South Wales,Friday,False,False,None,False,10,30
2023-06-03,New South Wales,Saturday,True,False,None,False,9,30
2023-06-04,New South Wales,Sunday,True,False,None,False,8,30
2023-06-05,New South Wales,Monday,False,False,None,False,7,30
2023-06-06,New South Wales,Tuesday,False,False,None,False,6,30
2023-06-07,New South Wales,Wednesday,False,False,None,False,5,30
2023-06-08,New South Wales,Thursday,False,False,None,False,4,30
2023-06-09,New South Wales,Friday,False,False,None,False,3,30
2023-06-10,New South Wales,Saturday,True,False,None,False,2,30
2023-06-11,New South Wales,Sunday,True,False,None,False,1,30
2023-06-12,New South Wales,Monday,False,True,King's Birthday,False,0,0
2023-06-13,New South Wales,Tuesday,False,False,None,False,30,1
2023-06-14,New South Wales,Wednesday,False,False,None,False,30,2
2023-06-15,New South Wales,Thursday,False,False,None,False,30,3
2023-06-16,New South Wales,Friday,False,False,None,False,30,4
2023-06-17,New South Wales,Saturday,True,False,None,False,30,5
2023-06-18,New South Wales,Sunday,True,False,None,False,30,6
2023-06-19,New South Wales,Monday,False,False,None,False,30,7
2023-06-20,New South Wales,Tuesday,False,False,None,False,30,8
2023-06-21,New South Wales,Wednesday,False,False,None,False,30,9
2023-06-22,New South Wales,Thursday,False,False,None,False,30,10
2023-06-23,New South Wales,Friday,False,False,None,False,30,11
2023-06-24,New South Wales,Saturday,True,False,None,False,30,12
2023-06-25,New South Wales,Sunday,True,False,None,False,30,13
2023-06-26,New South Wales,Monday,False,False,None,False,30,14
2023-06-27,New South Wales,Tuesday,False,False,None,False,30,15
2023-06-28,New South Wales,Wednesday,False,False,None,True,30,16
2023-06-29,New South Wales,Thursday,False,False,None,True,30,17
2023-06-30,New South Wales,Friday,False,False,None,True,30,18
2023-07-01,New South Wales,Saturday,True,False,None,True,30,19
2023-07-02,New South Wales,Sunday,True,False,None,True,30,20
2023-07-03,New South Wales,Monday,False,False,None,True,30,21
2023-07-04,New South Wales,Tuesday,False,False,None,True,30,22
2023-07-05,New South Wales,Wednesday,False,False,None,True,30,23
2023-07-06,New South Wales,Thursday,False,False,None,True,30,24
2023-07-07,New South Wales,Friday,False,False,None,True,30,25
2023-07-08,New South Wales,Saturday,True,False,None,True,30,26
2023-07-09,New South Wales,Sunday,True,False,None,True,30,27
2023-07-10,New South Wales,Monday,False,False,None,True,30,28
2023-07-11,New South Wales,Tuesday,False,False,None,True,30,29
2023-07-12,New South Wales,Wednesday,False,False,None,True,30,30
2023-07-13,New South Wales,Thursday,False,False,None,True,30,30
2023-07-14,New South Wales,Friday,False,False,None,True,30,30
2023-07-15,New South Wales,Saturday,True,False,None,False,30,30
2023-07-16,New South Wales,Sunday,True,False,None,False,30,30
2023-07-17,New South Wales,Monday,False,False,None,False,30,30
2023-07-18,New South Wales,Tuesday,False,False,None,False,30,30
2023-07-19,New South Wales,Wednesday,False,False,None,False,30,30
2023-07-20,New South Wales,Thursday,False,False,None,False,30,30
2023-07-21,New South Wales,Friday,False,False,None,False,30,30
2023-07-22,New South Wales,Saturday,True,False,None,False,30,30
2023-07-23,New South Wales,Sunday,True,False,None,False,30,30
2023-07-24,New South Wales,Monday,False,False,None,False,30,30
2023-07-25,New South Wales,Tuesday,False,False,None,False,30,30
2023-07-26,New South Wales,Wednesday,False,False,None,False,30,30
2023-07-27,New South Wales,Thursday,False,False,None,False,30,30
2023-07-28,New South Wales,Friday,False,False,None,False,30,30
2023-07-29,New South Wales,Saturday,True,False,None,False,30,30
2023-07-30,New South Wales,Sunday,True,False,None,False,30,30
2023-07-31,New South Wales,Monday,False,False,None,False,30,30
2023-08-01,New South Wales,Tuesday,False,False,None,False,30,30
2023-08-02,New South Wales,Wednesday,False,False,None,False,30,30
2023-08-03,New South Wales,Thursday,False,False,None,False,30,30
2023-08-04,New South Wales,Friday,False,False,None,False,30,30
2023-08-05,New South Wales,Saturday,True,False,None,False,30,30
2023-08-06,New South Wales,Sunday,True,False,None,False,30,30
2023-08-07,New South Wales,Monday,False,False,None,False,30,30
2023-08-08,New South Wales,Tuesday,False,False,None,False,30,30
2023-08-09,New South Wales,Wednesday,False,False,None,False,30,30
2023-08-10,New South Wales,Thursday,False,False,None,False,30,30
2023-08-11,New South Wales,Friday,False,False,None,False,30,30
2023-08-12,New South Wales,Saturday,True,False,None,False,30,30
2023-08-13,New South Wales,Sunday,True,False,None,False,30,30
2023-08-14,New South Wales,Monday,False,False,None,False,30,30
2023-08-15,New South Wales,Tuesday,False,False,None,False,30,30
2023-08-16,New South Wales,Wednesday,False,False,None,False,30,30
2023-08-17,New South Wales,Thursday,False,False,None,False,30,30
2023-08-18,New South Wales,Friday,False,False,None,False,30,30
2023-08-19,New South Wales,Saturday,True,False,None,False,30,30
2023-08-20,New South Wales,Sunday,True,False,None,False,30,30
2023-08-21,New South Wales,Monday,False,False,None,False,30,30
2023-08-22,New South Wales,Tuesday,False,False,None,False,30,30
2023-08-23,New South Wales,Wednesday,False,False,None,False,30,30
2023-08-24,New South Wales,Thursday,False,False,None,False,30,30
2023-08-25,New South Wales,Friday,False,False,None,False,30,30
2023-08-26,New South Wales,Saturday,True,False,None,False,30,30
2023-08-27,New South Wales,Sunday,True,False,None,False,30,30
2023-08-28,New South Wales,Monday,False,False,None,False,30,30
2023-08-29,New South Wales,Tuesday,False,False,None,False,30,30
2023-08-30,New South Wales,Wednesday,False,False,None,False,30,30
2023-08-31,New South Wales,Thursday,False,False,None,False,30,30
2023-09-01,New South Wales,Friday,False,False,None,False,30,30
2023-09-02,New South Wales,Saturday,True,False,None,False,30,30
2023-09-03,New South Wales,Sunday,True,False,None,False,29,30
2023-09-04,New South Wales,Monday,False,False,None,False,28,30
2023-09-05,New South Wales,Tuesday,False,False,None,False,27,30
2023-09-06,New South Wales,Wednesday,False,False,None,False,26,30
2023-09-07,New South Wales,Thursday,False,False,None,False,25,30
2023-09-08,New South Wales,Friday,False,False,None,False,24,30
2023-09-09,New South Wales,Saturday,True,False,None,False,23,30
2023-09-10,New South Wales,Sunday,True,False,None,False,22,30
2023-09-11,New South Wales,Monday,False,False,None,False,21,30
2023-09-12,New South Wales,Tuesday,False,False,None,False,20,30
2023-09-13,New South Wales,Wednesday,False,False,None,False,19,30
2023-09-14,New South Wales,Thursday,False,False,None,False,18,30
2023-09-15,New South Wales,Friday,False,False,None,False,17,30
2023-09-16,New South Wales,Saturday,True,False,None,False,16,30
2023-09-17,New South Wales,Sunday,True,False,None,False,15,30
2023-09-18,New South Wales,Monday,False,False,None,False,14,30
2023-09-19,New South Wales,Tuesday,False,False,None,False,13,30
2023-09-20,New South Wales,Wednesday,False,False,None,False,12,30
2023-09-21,New South Wales,Thursday,False,False,None,True,11,30
2023-09-22,New South Wales,Friday,False,False,None,True,10,30
2023-09-23,New South Wales,Saturday,True,False,None,True,9,30
2023-09-24,New South Wales,Sunday,True,False,None,True,8,30
2023-09-25,New South Wales,Monday,False,False,None,True,7,30
2023-09-26,New South Wales,Tuesday,False,False,None,True,6,30
2023-09-27,New South Wales,Wednesday,False,False,None,True,5,30
2023-09-28,New South Wales,Thursday,False,False,None,True,4,30
2023-09-29,New South Wales,Friday,False,False,None,True,3,30
2023-09-30,New South Wales,Saturday,True,False,None,True,2,30
2023-10-01,New South Wales,Sunday,True,False,None,True,1,30
2023-10-02,New South Wales,Monday,False,True,Labour Day,True,0,0
2023-10-03,New South Wales,Tuesday,False,False,None,True,30,1
2023-10-04,New South Wales,Wednesday,False,False,None,True,30,2
2023-10-05,New South Wales,Thursday,False,False,None,True,30,3
2023-10-06,New South Wales,Friday,False,False,None,True,30,4
2023-10-07,New South Wales,Saturday,True,False,None,False,30,5
2023-10-08,New South Wales,Sunday,True,False,None,False,30,6
2023-10-09,New South Wales,Monday,False,False,None,False,30,7
2023-10-10,New South Wales,Tuesday,False,False,None,False,30,8
2023-10-11,New South Wales,Wednesday,False,False,None,False,30,9
2023-10-12,New South Wales,Thursday,False,False,None,False,30,10
2023-10-13,New South Wales,Friday,False,False,None,False,30,11
2023-10-14,New South Wales,Saturday,True,False,None,False,30,12
2023-10-15,New South Wales,Sunday,True,False,None,False,30,13
2023-10-16,New South Wales,Monday,False,False,None,False,30,14
2023-10-17,New South Wales,Tuesday,False,False,None,False,30,15
2023-10-18,New South Wales,Wednesday,False,False,None,False,30,16
2023-10-19,New South Wales,Thursday,False,False,None,False,30,17
2023-10-20,New South Wales,Friday,False,False,None,False,30,18
2023-10-21,New South Wales,Saturday,True,False,None,False,30,19
2023-10-22,New South Wales,Sunday,True,False,None,False,30,20
2023-10-23,New South Wales,Monday,False,False,None,False,30,21
2023-10-24,New South Wales,Tuesday,False,False,None,False,30,22
2023-10-25,New South Wales,Wednesday,False,False,None,False,30,23
2023-10-26,New South Wales,Thursday,False,False,None,False,30,24
2023-10-27,New South Wales,Friday,False,False,None,False,30,25
2023-10-28,New South Wales,Saturday,True,False,None,False,30,26
2023-10-29,New South Wales,Sunday,True,False,None,False,30,27
2023-10-30,New South Wales,Monday,False,False,None,False,30,28
2023-10-31,New South Wales,Tuesday,False,False,None,False,30,29
2023-11-01,New South Wales,Wednesday,False,False,None,False,30,30
2023-11-02,New South Wales,Thursday,False,False,None,False,30,30
2023-11-03,New South Wales,Friday,False,False,None,False,30,30
2023-11-04,New South Wales,Saturday,True,False,None,False,30,30
2023-11-05,New South Wales,Sunday,True,False,None,False,30,30
2023-11-06,New South Wales,Monday,False,False,None,False,30,30
2023-11-07,New South Wales,Tuesday,False,False,None,False,30,30
2023-11-08,New South Wales,Wednesday,False,False,None,False,30,30
2023-11-09,New South Wales,Thursday,False,False,None,False,30,30
2023-11-10,New South Wales,Friday,False,False,None,False,30,30
2023-11-11,New South Wales,Saturday,True,False,None,False,30,30
2023-11-12,New South Wales,Sunday,True,False,None,False,30,30
2023-11-13,New South Wales,Monday,False,False,None,False,30,30
2023-11-14,New South Wales,Tuesday,False,False,None,False,30,30
2023-11-15,New South Wales,Wednesday,False,False,None,False,30,30
2023-11-16,New South Wales,Thursday,False,False,None,False,30,30
2023-11-17,New South Wales,Friday,False,False,None,False,30,30
2023-11-18,New South Wales,Saturday,True,False,None,False,30,30
2023-11-19,New South Wales,Sunday,True,False,None,False,30,30
2023-11-20,New South Wales,Monday,False,False,None,False,30,30
2023-11-21,New South Wales,Tuesday,False,False,None,False,30,30
2023-11-22,New South Wales,Wednesday,False,False,None,False,30,30
2023-11-23,New South Wales,Thursday,False,False,None,False,30,30
2023-11-24,New South Wales,Friday,False,False,None,False,30,30
2023-11-25,New South Wales,Saturday,True,False,None,False,30,30
2023-11-26,New South Wales,Sunday,True,False,None,False,29,30
2023-11-27,New South Wales,Monday,False,False,None,False,28,30
2023-11-28,New South Wales,Tuesday,False,False,None,False,27,30
2023-11-29,New South Wales,Wednesday,False,False,None,False,26,30
2023-11-30,New South Wales,Thursday,False,False,None,False,25,30
2023-12-01,New South Wales,Friday,False,False,None,False,24,30
2023-12-02,New South Wales,Saturday,True,False,None,False,23,30
2023-12-03,New South Wales,Sunday,True,False,None,False,22,30
2023-12-04,New South Wales,Monday,False,False,None,False,21,30
2023-12-05,New South Wales,Tuesday,False,False,None,False,20,30
2023-12-06,New South Wales,Wednesday,False,False,None,False,19,30
2023-12-07,New South Wales,Thursday,False,False,None,False,18,30
2023-12-08,New South Wales,Friday,False,False,None,False,17,30
2023-12-09,New South Wales,Saturday,True,False,None,False,16,30
2023-12-10,New South Wales,Sunday,True,False,None,False,15,30
2023-12-11,New South Wales,Monday,False,False,None,False,14,30
2023-12-12,New South Wales,Tuesday,False,False,None,False,13,30
2023-12-13,New South Wales,Wednesday,False,False,None,False,12,30
2023-12-14,New South Wales,Thursday,False,False,None,False,11,30
2023-12-15,New South Wales,Friday,False,False,None,False,10,30
2023-12-16,New South Wales,Saturday,True,False,None,False,9,30
2023-12-17,New South Wales,Sunday,True,False,None,False,8,30
2023-12-18,New South Wales,Monday,False,False,None,True,7,30
2023-12-19,New South Wales,Tuesday,False,False,None,True,6,30
2023-12-20,New South Wales,Wednesday,False,False,None,True,5,30
2023-12-21,New South Wales,Thursday,False,False,None,True,4,30
2023-12-22,New South Wales,Friday,False,False,None,True,3,30
2023-12-23,New South Wales,Saturday,True,False,None,True,2,30
2023-12-24,New South Wales,Sunday,True,False,None,True,1,30
2023-12-25,New South Wales,Monday,False,True,Christmas Day,True,0,0
2023-12-26,New South Wales,Tuesday,False,True,Boxing Day,True,0,0
2023-12-27,New South Wales,Wednesday,False,False,None,True,5,1
2023-12-28,New South Wales,Thursday,False,False,None,True,4,2
2023-12-29,New South Wales,Friday,False,False,None,True,3,3
2023-12-30,New South Wales,Saturday,True,False,None,True,2,4
2023-12-31,New South Wales,Sunday,True,False,None,True,1,5
2024-01-01,New South Wales,Monday,False,True,New Year's Day,True,0,0
2024-01-02,New South Wales,Tuesday,False,False,None,True,24,1
2024-01-03,New South Wales,Wednesday,False,False,None,True,23,2
2024-01-04,New South Wales,Thursday,False,False,None,True,22,3
2024-01-05,New South Wales,Friday,False,False,None,True,21,4
2024-01-06,New South Wales,Saturday,True,False,None,True,20,5
2024-01-07,New South Wales,Sunday,True,False,None,True,19,6
2024-01-08,New South Wales,Monday,False,False,None,True,18,7
2024-01-09,New South Wales,Tuesday,False,False,None,True,17,8
2024-01-10,New South Wales,Wednesday,False,False,None,True,16,9
2024-01-11,New South Wales,Thursday,False,False,None,True,15,10
2024-01-12,New South Wales,Friday,False,False,None,True,14,11
2024-01-13,New South Wales,Saturday,True,False,None,True,13,12
2024-01-14,New South Wales,Sunday,True,False,None,True,12,13
2024-01-15,New South Wales,Monday,False,False,None,True,11,14
2024-01-16,New South Wales,Tuesday,False,False,None,True,10,15
2024-01-17,New South Wales,Wednesday,False,False,None,True,9,16
2024-01-18,New South Wales,Thursday,False,False,None,True,8,17
2024-01-19,New South Wales,Friday,False,False,None,True,7,18
2024-01-20,New South Wales,Saturday,True,False,None,True,6,19
2024-01-21,New South Wales,Sunday,True,False,None,True,5,20
2024-01-22,New South Wales,Monday,False,False,None,True,4,21
2024-01-23,New South Wales,Tuesday,False,False,None,True,3,22
2024-01-24,New South Wales,Wednesday,False,False,None,True,2,23
2024-01-25,New South Wales,Thursday,False,False,None,True,1,24
2024-01-26,New South Wales,Friday,False,True,Australia Day,True,0,0
2024-01-27,New South Wales,Saturday,True,False,None,True,30,1
2024-01-28,New South Wales,Sunday,True,False,None,True,30,2
2024-01-29,New South Wales,Monday,False,False,None,False,30,3
2024-01-30,New South Wales,Tuesday,False,False,None,False,30,4
2024-01-31,New South Wales,Wednesday,False,False,None,False,30,5
2024-02-01,New South Wales,Thursday,False,False,None,False,30,6
2024-02-02,New South Wales,Friday,False,False,None,False,30,7
2024-02-03,New South Wales,Saturday,True,False,None,False,30,8
2024-02-04,New South Wales,Sunday,True,False,None,False,30,9
2024-02-05,New South Wales,Monday,False,False,None,False,30,10
2024-02-06,New South Wales,Tuesday,False,False,None,False,30,11
2024-02-07,New South Wales,Wednesday,False,False,None,False,30,12
2024-02-08,New South Wales,Thursday,False,False,None,False,30,13
2024-02-09,New South Wales,Friday,False,False,None,False,30,14
2024-02-10,New South Wales,Saturday,True,False,None,False,30,15
2024-02-11,New South Wales,Sunday,True,False,None,False,30,16
2024-02-12,New South Wales,Monday,False,False,None,False,30,17
2024-02-13,New South Wales,Tuesday,False,False,None,False,30,18
2024-02-14,New South Wales,Wednesday,False,False,None,False,30,19
2024-02-15,New South Wales,Thursday,False,False,None,False,30,20
2024-02-16,New South Wales,Friday,False,False,None,False,30,21
2024-02-17,New South Wales,Saturday,True,False,None,False,30,22
2024-02-18,New South Wales,Sunday,True,False,None,False,30,23
2024-02-19,New South Wales,Monday,False,False,None,False,30,24
2024-02-20,New South Wales,Tuesday,False,False,None,False,30,25
2024-02-21,New South Wales,Wednesday,False,False,None,False,30,26
2024-02-22,New South Wales,Thursday,False,False,None,False,30,27
2024-02-23,New South Wales,Friday,False,False,None,False,30,28
2024-02-24,New South Wales,Saturday,True,False,None,False,30,29
2024-02-25,New South Wales,Sunday,True,False,None,False,30,30
2024-02-26,New South Wales,Monday,False,False,None,False,30,30
2024-02-27,New South Wales,Tuesday,False,False,None,False,30,30
2024-02-28,New South Wales,Wednesday,False,False,None,False,30,30
2024-02-29,New South Wales,Thursday,False,False,None,False,29,30
2024-03-01,New South Wales,Friday,False,False,None,False,28,30
2024-03-02,New South Wales,Saturday,True,False,None,False,27,30
2024-03-03,New South Wales,Sunday,True,False,None,False,26,30
2024-03-04,New South Wales,Monday,False,False,None,False,25,30
2024-03-05,New South Wales,Tuesday,False,False,None,False,24,30
2024-03-06,New South Wales,Wednesday,False,False,None,False,23,30
2024-03-07,New South Wales,Thursday,False,False,None,False,22,30
2024-03-08,New South Wales,Friday,False,False,None,False,21,30
2024-03-09,New South Wales,Saturday,True,False,None,False,20,30
2024-03-10,New South Wales,Sunday,True,False,None,False,19,30
2024-03-11,New South Wales,Monday,False,False,None,False,18,30
2024-03-12,New South Wales,Tuesday,False,False,None,False,17,30
2024-03-13,New South Wales,Wednesday,False,False,None,False,16,30
2024-03-14,New South Wales,Thursday,False,False,None,False,15,30
2024-03-15,New South Wales,Friday,False,False,None,False,14,30
2024-03-16,New South Wales,Saturday,True,False,None,False,13,30
2024-03-17,New South Wales,Sunday,True,False,None,False,12,30
2024-03-18,New South Wales,Monday,False,False,None,False,11,30
2024-03-19,New South Wales,Tuesday,False,False,None,False,10,30
2024-03-20,New South Wales,Wednesday,False,False,None,False,9,30
2024-03-21,New South Wales,Thursday,False,False,None,False,8,30
2024-03-22,New South Wales,Friday,False,False,None,False,7,30
2024-03-23,New South Wales,Saturday,True,False,None,False,6,30
2024-03-24,New South Wales,Sunday,True,False,None,True,5,30
2024-03-25,New South Wales,Monday,False,False,None,True,4,30
2024-03-26,New South Wales,Tuesday,False,False,None,True,3,30
2024-03-27,New South Wales,Wednesday,False,False,None,True,2,30
2024-03-28,New South Wales,Thursday,False,False,None,True,1,30
2024-03-29,New South Wales,Friday,False,True,Good Friday,True,0,0
2024-03-30,New South Wales,Saturday,True,True,Easter Saturday,True,0,0
2024-03-31,New South Wales,Sunday,True,False,None,True,1,1
2024-04-01,New South Wales,Monday,False,True,Easter Monday,True,0,0
2024-04-02,New South Wales,Tuesday,False,False,None,True,23,1
2024-04-03,New South Wales,Wednesday,False,False,None,True,22,2
2024-04-04,New South Wales,Thursday,False,False,None,True,21,3
2024-04-05,New South Wales,Friday,False,False,None,True,20,4
2024-04-06,New South Wales,Saturday,True,False,None,True,19,5
2024-04-07,New South Wales,Sunday,True,False,None,True,18,6
2024-04-08,New South Wales,Monday,False,False,None,False,17,7
2024-04-09,New South Wales,Tuesday,False,False,None,False,16,8
2024-04-10,New South Wales,Wednesday,False,False,None,False,15,9
2024-04-11,New South Wales,Thursday,False,False,None,False,14,10
2024-04-12,New South Wales,Friday,False,False,None,False,13,11
2024-04-13,New South Wales,Saturday,True,False,None,False,12,12
2024-04-14,New South Wales,Sunday,True,False,None,False,11,13
2024-04-15,New South Wales,Monday,False,False,None,False,10,14
2024-04-16,New South Wales,Tuesday,False,False,None,False,9,15
2024-04-17,New South Wales,Wednesday,False,False,None,False,8,16
2024-04-18,New South Wales,Thursday,False,False,None,False,7,17
2024-04-19,New South Wales,Friday,False,False,None,False,6,18
2024-04-20,New South Wales,Saturday,True,False,None,False,5,19
2024-04-21,New South Wales,Sunday,True,False,None,False,4,20
2024-04-22,New South Wales,Monday,False,False,None,False,3,21
2024-04-23,New South Wales,Tuesday,False,False,None,False,2,22
2024-04-24,New South Wales,Wednesday,False,False,None,False,1,23
2024-04-25,New South Wales,Thursday,False,True,ANZAC Day,False,0,0
2024-04-26,New South Wales,Friday,False,False,None,False,30,1
2024-04-27,New South Wales,Saturday,True,False,None,False,30,2
2024-04-28,New South Wales,Sunday,True,False,None,False,30,3
2024-04-29,New South Wales,Monday,False,False,None,False,30,4
2024-04-30,New South Wales,Tuesday,False,False,None,False,30,5
2024-05-01,New South Wales,Wednesday,False,False,None,False,30,6
2024-05-02,New South Wales,Thursday,False,False,None,False,30,7
2024-05-03,New South Wales,Friday,False,False,None,False,30,8
2024-05-04,New South Wales,Saturday,True,False,None,False,30,9
2024-05-05,New South Wales,Sunday,True,False,None,False,30,10
2024-05-06,New South Wales,Monday,False,False,None,False,30,11
2024-05-07,New South Wales,Tuesday,False,False,None,False,30,12
2024-05-08,New South Wales,Wednesday,False,False,None,False,30,13
2024-05-09,New South Wales,Thursday,False,False,None,False,30,14
2024-05-10,New South Wales,Friday,False,False,None,False,30,15
2024-05-11,New South Wales,Saturday,True,False,None,False,30,16
2024-05-12,New South Wales,Sunday,True,False,None,False,29,17
2024-05-13,New South Wales,Monday,False,False,None,False,28,18
2024-05-14,New South Wales,Tuesday,False,False,None,False,27,19
2024-05-15,New South Wales,Wednesday,False,False,None,False,26,20
2024-05-16,New South Wales,Thursday,False,False,None,False,25,21
2024-05-17,New South Wales,Friday,False,False,None,False,24,22
2024-05-18,New South Wales,Saturday,True,False,None,False,23,23
2024-05-19,New South Wales,Sunday,True,False,None,False,22,24
2024-05-20,New South Wales,Monday,False,False,None,False,21,25
2024-05-21,New South Wales,Tuesday,False,False,None,False,20,26
2024-05-22,New South Wales,Wednesday,False,False,None,False,19,27
2024-05-23,New South Wales,Thursday,False,False,None,False,18,28
2024-05-24,New South Wales,Friday,False,False,None,False,17,29
2024-05-25,New South Wales,Saturday,True,False,None,False,16,30
2024-05-26,New South Wales,Sunday,True,False,None,False,15,30
2024-05-27,New South Wales,Monday,False,False,None,False,14,30
2024-05-28,New South Wales,Tuesday,False,False,None,False,13,30
2024-05-29,New South Wales,Wednesday,False,False,None,False,12,30
2024-05-30,New South Wales,Thursday,False,False,None,False,11,30
2024-05-31,New South Wales,Friday,False,False,None,False,10,30
2024-06-01,New South Wales,Saturday,True,False,None,False,9,30
2024-06-02,New South Wales,Sunday,True,False,None,False,8,30
2024-06-03,New South Wales,Monday,False,False,None,False,7,30
2024-06-04,New South Wales,Tuesday,False,False,None,False,6,30
2024-06-05,New South Wales,Wednesday,False,False,None,False,5,30
2024-06-06,New South Wales,Thursday,False,False,None,False,4,30
2024-06-07,New South Wales,Friday,False,False,None,False,3,30
2024-06-08,New South Wales,Saturday,True,False,None,False,2,30
2024-06-09,New South Wales,Sunday,True,False,None,False,1,30
2024-06-10,New South Wales,Monday,False,True,King's Birthday,False,0,0
2024-06-11,New South Wales,Tuesday,False,False,None,False,30,1
2024-06-12,New South Wales,Wednesday,False,False,None,False,30,2
2024-06-13,New South Wales,Thursday,False,False,None,False,30,3
2024-06-14,New South Wales,Friday,False,False,None,False,30,4
2024-06-15,New South Wales,Saturday,True,False,None,False,30,5
2024-06-16,New South Wales,Sunday,True,False,None,False,30,6
2024-06-17,New South Wales,Monday,False,False,None,False,30,7
2024-06-18,New South Wales,Tuesday,False,False,None,False,30,8
2024-06-19,New South Wales,Wednesday,False,False,None,False,30,9
2024-06-20,New South Wales,Thursday,False,False,None,False,30,10
2024-06-21,New South Wales,Friday,False,False,None,False,30,11
2024-06-22,New South Wales,Saturday,True,False,None,False,30,12
2024-06-23,New South Wales,Sunday,True,False,None,False,30,13
2024-06-24,New South Wales,Monday,False,False,None,False,30,14
2024-06-25,New South Wales,Tuesday,False,False,None,False,30,15
2024-06-26,New South Wales,Wednesday,False,False,None,False,30,16
2024-06-27,New South Wales,Thursday,False,False,None,False,30,17
2024-06-28,New South Wales,Friday,False,False,None,True,30,18
2024-06-29,New South Wales,Saturday,True,False,None,True,30,19
2024-06-30,New South Wales,Sunday,True,False,None,True,30,20
2024-07-01,New South Wales,Monday,False,False,None,True,30,21
2024-07-02,New South Wales,Tuesday,False,False,None,True,30,22
2024-07-03,New South Wales,Wednesday,False,False,None,True,30,23
2024-07-04,New South Wales,Thursday,False,False,None,True,30,24
2024-07-05,New South Wales,Friday,False,False,None,True,30,25
2024-07-06,New South Wales,Saturday,True,False,None,True,30,26
2024-07-07,New South Wales,Sunday,True,False,None,True,30,27
2024-07-08,New South Wales,Monday,False,False,None,True,30,28
2024-07-09,New South Wales,Tuesday,False,False,None,True,30,29
2024-07-10,New South Wales,Wednesday,False,False,None,True,30,30
2024-07-11,New South Wales,Thursday,False,False,None,True,30,30
2024-07-12,New South Wales,Friday,False,False,None,True,30,30
2024-07-13,New South Wales,Saturday,True,False,None,True,30,30
2024-07-14,New South Wales,Sunday,True,False,None,True,30,30
2024-07-15,New South Wales,Monday,False,False,None,False,30,30
2024-07-16,New South Wales,Tuesday,False,False,None,False,30,30
2024-07-17,New South Wales,Wednesday,False,False,None,False,30,30
2024-07-18,New South Wales,Thursday,False,False,None,False,30,30
2024-07-19,New South Wales,Friday,False,False,None,False,30,30
2024-07-20,New South Wales,Saturday,True,False,None,False,30,30
2024-07-21,New South Wales,Sunday,True,False,None,False,30,30
2024-07-22,New South Wales,Monday,False,False,None,False,30,30
2024-07-23,New South Wales,Tuesday,False,False,None,False,30,30
2024-07-24,New South Wales,Wednesday,False,False,None,False,30,30
2024-07-25,New South Wales,Thursday,False,False,None,False,30,30
2024-07-26,New South Wales,Friday,False,False,None,False,30,30
2024-07-27,New South Wales,Saturday,True,False,None,False,30,30
2024-07-28,New South Wales,Sunday,True,False,None,False,30,30
2024-07-29,New South Wales,Monday,False,False,None,False,30,30
2024-07-30,New South Wales,Tuesday,False,False,None,False,30,30
2024-07-31,New South Wales,Wednesday,False,False,None,False,30,30
2024-08-01,New South Wales,Thursday,False,False,None,False,30,30
2024-08-02,New South Wales,Friday,False,False,None,False,30,30
2024-08-03,New South Wales,Saturday,True,False,None,False,30,30
2024-08-04,New South Wales,Sunday,True,False,None,False,30,30
2024-08-05,New South Wales,Monday,False,False,None,False,30,30
2024-08-06,New South Wales,Tuesday,False,False,None,False,30,30
2024-08-07,New South Wales,Wednesday,False,False,None,False,30,30
2024-08-08,New South Wales,Thursday,False,False,None,False,30,30
2024-08-09,New South Wales,Friday,False,False,None,False,30,30
2024-08-10,New South Wales,Saturday,True,False,None,False,30,30
2024-08-11,New South Wales,Sunday,True,False,None,False,30,30
2024-08-12,New South Wales,Monday,False,False,None,False,30,30
2024-08-13,New South Wales,Tuesday,False,False,None,False,30,30
2024-08-14,New South Wales,Wednesday,False,False,None,False,30,30
2024-08-15,New South Wales,Thursday,False,False,None,False,30,30
2024-08-16,New South Wales,Friday,False,False,None,False,30,30
2024-08-17,New South Wales,Saturday,True,False,None,False,30,30
2024-08-18,New South Wales,Sunday,True,False,None,False,30,30
2024-08-19,New South Wales,Monday,False,False,None,False,30,30
2024-08-20,New South Wales,Tuesday,False,False,None,False,30,30
2024-08-21,New South Wales,Wednesday,False,False,None,False,30,30
2024-08-22,New South Wales,Thursday,False,False,None,False,30,30
2024-08-23,New South Wales,Friday,False,False,None,False,30,30
2024-08-24,New South Wales,Saturday,True,False,None,False,30,30
2024-08-25,New South Wales,Sunday,True,False,None,False,30,30
2024-08-26,New South Wales,Monday,False,False,None,False,30,30
2024-08-27,New South Wales,Tuesday,False,False,None,False,30,30
2024-08-28,New South Wales,Wednesday,False,False,None,False,30,30
2024-08-29,New South Wales,Thursday,False,False,None,False,30,30
2024-08-30,New South Wales,Friday,False,False,None,False,30,30
2024-08-31,New South Wales,Saturday,True,False,None,False,30,30
2024-09-01,New South Wales,Sunday,True,False,None,False,30,30
2024-09-02,New South Wales,Monday,False,False,None,False,30,30
2024-09-03,New South Wales,Tuesday,False,False,None,False,30,30
2024-09-04,New South Wales,Wednesday,False,False,None,False,30,30
2024-09-05,New South Wales,Thursday,False,False,None,False,30,30
2024-09-06,New South Wales,Friday,False,False,None,False,30,30
2024-09-07,New South Wales,Saturday,True,False,None,False,30,30
2024-09-08,New South Wales,Sunday,True,False,None,False,29,30
2024-09-09,New South Wales,Monday,False,False,None,False,28,30
2024-09-10,New South Wales,Tuesday,False,False,None,False,27,30
2024-09-11,New South Wales,Wednesday,False,False,None,False,26,30
2024-09-12,New South Wales,Thursday,False,False,None,False,25,30
2024-09-13,New South Wales,Friday,False,False,None,False,24,30
2024-09-14,New South Wales,Saturday,True,False,None,False,23,30
2024-09-15,New South Wales,Sunday,True,False,None,False,22,30
2024-09-16,New South Wales,Monday,False,False,None,False,21,30
2024-09-17,New South Wales,Tuesday,False,False,None,False,20,30
2024-09-18,New South Wales,Wednesday,False,False,None,False,19,30
2024-09-19,New South Wales,Thursday,False,False,None,False,18,30
2024-09-20,New South Wales,Friday,False,False,None,False,17,30
2024-09-21,New South Wales,Saturday,True,False,None,True,16,30
2024-09-22,New South Wales,Sunday,True,False,None,True,15,30
2024-09-23,New South Wales,Monday,False,False,None,True,14,30
2024-09-24,New South Wales,Tuesday,False,False,None,True,13,30
2024-09-25,New South Wales,Wednesday,False,False,None,True,12,30
2024-09-26,New South Wales,Thursday,False,False,None,True,11,30
2024-09-27,New South Wales,Friday,False,False,None,True,10,30
2024-09-28,New South Wales,Saturday,True,False,None,True,9,30
2024-09-29,New South Wales,Sunday,True,False,None,True,8,30
2024-09-30,New South Wales,Monday,False,False,None,True,7,30
2024-10-01,New South Wales,Tuesday,False,False,None,True,6,30
2024-10-02,New South Wales,Wednesday,False,False,None,True,5,30
2024-10-03,New South Wales,Thursday,False,False,None,True,4,30
2024-10-04,New South Wales,Friday,False,False,None,True,3,30
2024-10-05,New South Wales,Saturday,True,False,None,True,2,30
2024-10-06,New South Wales,Sunday,True,False,None,True,1,30
2024-10-07,New South Wales,Monday,False,True,Labour Day,False,0,0
2024-10-08,New South Wales,Tuesday,False,False,None,False,30,1
2024-10-09,New South Wales,Wednesday,False,False,None,False,30,2
2024-10-10,New South Wales,Thursday,False,False,None,False,30,3
2024-10-11,New South Wales,Friday,False,False,None,False,30,4
2024-10-12,New South Wales,Saturday,True,False,None,False,30,5
2024-10-13,New South Wales,Sunday,True,False,None,False,30,6
2024-10-14,New South Wales,Monday,False,False,None,False,30,7
2024-10-15,New South Wales,Tuesday,False,False,None,False,30,8
2024-10-16,New South Wales,Wednesday,False,False,None,False,30,9
2024-10-17,New South Wales,Thursday,False,False,None,False,30,10
2024-10-18,New South Wales,Friday,False,False,None,False,30,11
2024-10-19,New South Wales,Saturday,True,False,None,False,30,12
2024-10-20,New South Wales,Sunday,True,False,None,False,30,13
2024-10-21,New South Wales,Monday,False,False,None,False,30,14
2024-10-22,New South Wales,Tuesday,False,False,None,False,30,15
2024-10-23,New South Wales,Wednesday,False,False,None,False,30,16
2024-10-24,New South Wales,Thursday,False,False,None,False,30,17
2024-10-25,New South Wales,Friday,False,False,None,False,30,18
2024-10-26,New South Wales,Saturday,True,False,None,False,30,19
2024-10-27,New South Wales,Sunday,True,False,None,False,30,20
2024-10-28,New South Wales,Monday,False,False,None,False,30,21
2024-10-29,New South Wales,Tuesday,False,False,None,False,30,22
2024-10-30,New South Wales,Wednesday,False,False,None,False,30,23
2024-10-31,New South Wales,Thursday,False,False,None,False,30,24
2024-11-01,New South Wales,Friday,False,False,None,False,30,25
2024-11-02,New South Wales,Saturday,True,False,None,False,30,26
2024-11-03,New South Wales,Sunday,True,False,None,False,30,27
2024-11-04,New South Wales,Monday,False,False,None,False,30,28
2024-11-05,New South Wales,Tuesday,False,False,None,False,30,29
2024-11-06,New South Wales,Wednesday,False,False,None,False,30,30
2024-11-07,New South Wales,Thursday,False,False,None,False,30,30
2024-11-08,New South Wales,Friday,False,False,None,False,30,30
2024-11-09,New South Wales,Saturday,True,False,None,False,30,30
2024-11-10,New South Wales,Sunday,True,False,None,False,30,30
2024-11-11,New South Wales,Monday,False,False,None,False,30,30
2024-11-12,New South Wales,Tuesday,False,False,None,False,30,30
2024-11-13,New South Wales,Wednesday,False,False,None,False,30,30
2024-11-14,New South Wales,Thursday,False,False,None,False,30,30
2024-11-15,New South Wales,Friday,False,False,None,False,30,30
2024-11-16,New South Wales,Saturday,True,False,None,False,30,30
2024-11-17,New South Wales,Sunday,True,False,None,False,30,30
2024-11-18,New South Wales,Monday,False,False,None,False,30,30
2024-11-19,New South Wales,Tuesday,False,False,None,False,30,30
2024-11-20,New South Wales,Wednesday,False,False,None,False,30,30
2024-11-21,New South Wales,Thursday,False,False,None,False,30,30
2024-11-22,New South Wales,Friday,False,False,None,False,30,30
2024-11-23,New South Wales,Saturday,True,False,None,False,30,30
2024-11-24,New South Wales,Sunday,True,False,None,False,30,30
2024-11-25,New South Wales,Monday,False,False,None,False,30,30
2024-11-26,New South Wales,Tuesday,False,False,None,False,29,30
2024-11-27,New South Wales,Wednesday,False,False,None,False,28,30
2024-11-28,New South Wales,Thursday,False,False,None,False,27,30
2024-11-29,New South Wales,Friday,False,False,None,False,26,30
2024-11-30,New South Wales,Saturday,True,False,None,False,25,30
2024-12-01,New South Wales,Sunday,True,False,None,False,24,30
2024-12-02,New South Wales,Monday,False,False,None,False,23,30
2024-12-03,New South Wales,Tuesday,False,False,None,False,22,30
2024-12-04,New South Wales,Wednesday,False,False,None,False,21,30
2024-12-05,New South Wales,Thursday,False,False,None,False,20,30
2024-12-06,New South Wales,Friday,False,False,None,False,19,30
2024-12-07,New South Wales,Saturday,True,False,None,False,18,30
2024-12-08,New South Wales,Sunday,True,False,None,False,17,30
2024-12-09,New South Wales,Monday,False,False,None,False,16,30
2024-12-10,New South Wales,Tuesday,False,False,None,False,15,30
2024-12-11,New South Wales,Wednesday,False,False,None,False,14,30
2024-12-12,New South Wales,Thursday,False,False,None,False,13,30
2024-12-13,New South Wales,Friday,False,False,None,False,12,30
2024-12-14,New South Wales,Saturday,True,False,None,False,11,30
2024-12-15,New South Wales,Sunday,True,False,None,False,10,30
2024-12-16,New South Wales,Monday,False,False,None,False,9,30
2024-12-17,New South Wales,Tuesday,False,False,None,False,8,30
2024-12-18,New South Wales,Wednesday,False,False,None,True,7,30
2024-12-19,New South Wales,Thursday,False,False,None,True,6,30
2024-12-20,New South Wales,Friday,False,False,None,True,5,30
2024-12-21,New South Wales,Saturday,True,False,None,True,4,30
2024-12-22,New South Wales,Sunday,True,False,None,True,3,30
2024-12-23,New South Wales,Monday,False,False,None,True,2,30
2024-12-24,New South Wales,Tuesday,False,False,None,True,1,30
2024-12-25,New South Wales,Wednesday,False,True,Christmas Day,True,0,0
2024-12-26,New South Wales,Thursday,False,True,Boxing Day,True,0,0
2024-12-27,New South Wales,Friday,False,False,None,True,5,1
2024-12-28,New South Wales,Saturday,True,False,None,True,4,2
2024-12-29,New South Wales,Sunday,True,False,None,True,3,3
2024-12-30,New South Wales,Monday,False,False,None,True,2,4
2024-12-31,New South Wales,Tuesday,False,False,None,True,1,5
2025-01-01,New South Wales,Wednesday,False,True,New Year's Day,True,0,0
2025-01-02,New South Wales,Thursday,False,False,None,True,24,1
2025-01-03,New South Wales,Friday,False,False,None,True,23,2
2025-01-04,New South Wales,Saturday,True,False,None,True,22,3
2025-01-05,New South Wales,Sunday,True,False,None,True,21,4
2025-01-06,New South Wales,Monday,False,False,None,True,20,5
2025-01-07,New South Wales,Tuesday,False,False,None,True,19,6
2025-01-08,New South Wales,Wednesday,False,False,None,True,18,7
2025-01-09,New South Wales,Thursday,False,False,None,True,17,8
2025-01-10,New South Wales,Friday,False,False,None,True,16,9
2025-01-11,New South Wales,Saturday,True,False,None,True,15,10
2025-01-12,New South Wales,Sunday,True,False,None,True,14,11
2025-01-13,New South Wales,Monday,False,False,None,True,13,12
2025-01-14,New South Wales,Tuesday,False,False,None,True,12,13
2025-01-15,New South Wales,Wednesday,False,False,None,True,11,14
2025-01-16,New South Wales,Thursday,False,False,None,True,10,15
2025-01-17,New South Wales,Friday,False,False,None,True,9,16
2025-01-18,New South Wales,Saturday,True,False,None,True,8,17
2025-01-19,New South Wales,Sunday,True,False,None,True,7,18
2025-01-20,New South Wales,Monday,False,False,None,True,6,19
2025-01-21,New South Wales,Tuesday,False,False,None,True,5,20
2025-01-22,New South Wales,Wednesday,False,False,None,True,4,21
2025-01-23,New South Wales,Thursday,False,False,None,True,3,22
2025-01-24,New South Wales,Friday,False,False,None,True,2,23
2025-01-25,New South Wales,Saturday,True,False,None,True,1,24
2025-01-26,New South Wales,Sunday,True,True,Australia Day,True,0,0
2025-01-27,New South Wales,Monday,False,False,None,True,30,1
2025-01-28,New South Wales,Tuesday,False,False,None,True,30,2
2025-01-29,New South Wales,Wednesday,False,False,None,False,30,3
2025-01-30,New South Wales,Thursday,False,False,None,False,30,4
2025-01-31,New South Wales,Friday,False,False,None,False,30,5
2025-02-01,New South Wales,Saturday,True,False,None,False,30,6
2025-02-02,New South Wales,Sunday,True,False,None,False,30,7
2025-02-03,New South Wales,Monday,False,False,None,False,30,8
2025-02-04,New South Wales,Tuesday,False,False,None,False,30,9
2025-02-05,New South Wales,Wednesday,False,False,None,False,30,10
2025-02-06,New South Wales,Thursday,False,False,None,False,30,11
2025-02-07,New South Wales,Friday,False,False,None,False,30,12
2025-02-08,New South Wales,Saturday,True,False,None,False,30,13
2025-02-09,New South Wales,Sunday,True,False,None,False,30,14
2025-02-10,New South Wales,Monday,False,False,None,False,30,15
2025-02-11,New South Wales,Tuesday,False,False,None,False,30,16
2025-02-12,New South Wales,Wednesday,False,False,None,False,30,17
2025-02-13,New South Wales,Thursday,False,False,None,False,30,18
2025-02-14,New South Wales,Friday,False,False,None,False,30,19
2025-02-15,New South Wales,Saturday,True,False,None,False,30,20
2025-02-16,New South Wales,Sunday,True,False,None,False,30,21
2025-02-17,New South Wales,Monday,False,False,None,False,30,22
2025-02-18,New South Wales,Tuesday,False,False,None,False,30,23
2025-02-19,New South Wales,Wednesday,False,False,None,False,30,24
2025-02-20,New South Wales,Thursday,False,False,None,False,30,25
2025-02-21,New South Wales,Friday,False,False,None,False,30,26
2025-02-22,New South Wales,Saturday,True,False,None,False,30,27
2025-02-23,New South Wales,Sunday,True,False,None,False,30,28
2025-02-24,New South Wales,Monday,False,False,None,False,30,29
2025-02-25,New South Wales,Tuesday,False,False,None,False,30,30
2025-02-26,New South Wales,Wednesday,False,False,None,False,30,30
2025-02-27,New South Wales,Thursday,False,False,None,False,30,30
2025-02-28,New South Wales,Friday,False,False,None,False,30,30
2025-03-01,New South Wales,Saturday,True,False,None,False,30,30
2025-03-02,New South Wales,Sunday,True,False,None,False,30,30
2025-03-03,New South Wales,Monday,False,False,None,False,30,30
2025-03-04,New South Wales,Tuesday,False,False,None,False,30,30
2025-03-05,New South Wales,Wednesday,False,False,None,False,30,30
2025-03-06,New South Wales,Thursday,False,False,None,False,30,30
2025-03-07,New South Wales,Friday,False,False,None,False,30,30
2025-03-08,New South Wales,Saturday,True,False,None,False,30,30
2025-03-09,New South Wales,Sunday,True,False,None,False,30,30
2025-03-10,New South Wales,Monday,False,False,None,False,30,30
2025-03-11,New South Wales,Tuesday,False,False,None,False,30,30
2025-03-12,New South Wales,Wednesday,False,False,None,False,30,30
2025-03-13,New South Wales,Thursday,False,False,None,False,30,30
2025-03-14,New South Wales,Friday,False,False,None,False,30,30
2025-03-15,New South Wales,Saturday,True,False,None,False,30,30
2025-03-16,New South Wales,Sunday,True,False,None,False,30,30
2025-03-17,New South Wales,Monday,False,False,None,False,30,30
2025-03-18,New South Wales,Tuesday,False,False,None,False,30,30
2025-03-19,New South Wales,Wednesday,False,False,None,False,30,30
2025-03-20,New South Wales,Thursday,False,False,None,False,29,30
2025-03-21,New South Wales,Friday,False,False,None,False,28,30
2025-03-22,New South Wales,Saturday,True,False,None,False,27,30
2025-03-23,New South Wales,Sunday,True,False,None,False,26,30
2025-03-24,New South Wales,Monday,False,False,None,False,25,30
2025-03-25,New South Wales,Tuesday,False,False,None,False,24,30
2025-03-26,New South Wales,Wednesday,False,False,None,False,23,30
2025-03-27,New South Wales,Thursday,False,False,None,False,22,30
2025-03-28,New South Wales,Friday,False,False,None,False,21,30
2025-03-29,New South Wales,Saturday,True,False,None,False,20,30
2025-03-30,New South Wales,Sunday,True,False,None,False,19,30
2025-03-31,New South Wales,Monday,False,False,None,False,18,30
2025-04-01,New South Wales,Tuesday,False,False,None,False,17,30
2025-04-02,New South Wales,Wednesday,False,False,None,False,16,30
2025-04-03,New South Wales,Thursday,False,False,None,False,15,30
2025-04-04,New South Wales,Friday,False,False,None,False,14,30
2025-04-05,New South Wales,Saturday,True,False,None,False,13,30
2025-04-06,New South Wales,Sunday,True,False,None,False,12,30
2025-04-07,New South Wales,Monday,False,False,None,False,11,30
2025-04-08,New South Wales,Tuesday,False,False,None,False,10,30
2025-04-09,New South Wales,Wednesday,False,False,None,False,9,30
2025-04-10,New South Wales,Thursday,False,False,None,False,8,30
2025-04-11,New South Wales,Friday,False,False,None,False,7,30
2025-04-12,New South Wales,Saturday,True,False,None,False,6,30
2025-04-13,New South Wales,Sunday,True,False,None,True,5,30
2025-04-14,New South Wales,Monday,False,False,None,True,4,30
2025-04-15,New South Wales,Tuesday,False,False,None,True,3,30
2025-04-16,New South Wales,Wednesday,False,False,None,True,2,30
2025-04-17,New South Wales,Thursday,False,False,None,True,1,30
2025-04-18,New South Wales,Friday,False,True,Good Friday,True,0,0
2025-04-19,New South Wales,Saturday,True,True,Easter Saturday,True,0,0
2025-04-20,New South Wales,Sunday,True,False,None,True,1,1
2025-04-21,New South Wales,Monday,False,True,Easter Monday,True,0,0
2025-04-22,New South Wales,Tuesday,False,False,None,True,3,1
2025-04-23,New South Wales,Wednesday,False,False,None,True,2,2
2025-04-24,New South Wales,Thursday,False,False,None,True,1,3
2025-04-25,New South Wales,Friday,False,True,ANZAC Day,True,0,0
2025-04-26,New South Wales,Saturday,True,False,None,True,30,1
2025-04-27,New South Wales,Sunday,True,False,None,True,30,2
2025-04-28,New South Wales,Monday,False,False,None,False,30,3
2025-04-29,New South Wales,Tuesday,False,False,None,False,30,4
2025-04-30,New South Wales,Wednesday,False,False,None,False,30,5
2025-05-01,New South Wales,Thursday,False,False,None,False,30,6
2025-05-02,New South Wales,Friday,False,False,None,False,30,7
2025-05-03,New South Wales,Saturday,True,False,None,False,30,8
2025-05-04,New South Wales,Sunday,True,False,None,False,30,9
2025-05-05,New South Wales,Monday,False,False,None,False,30,10
2025-05-06,New South Wales,Tuesday,False,False,None,False,30,11
2025-05-07,New South Wales,Wednesday,False,False,None,False,30,12
2025-05-08,New South Wales,Thursday,False,False,None,False,30,13
2025-05-09,New South Wales,Friday,False,False,None,False,30,14
2025-05-10,New South Wales,Saturday,True,False,None,False,30,15
2025-05-11,New South Wales,Sunday,True,False,None,False,29,16
2025-05-12,New South Wales,Monday,False,False,None,False,28,17
2025-05-13,New South Wales,Tuesday,False,False,None,False,27,18
2025-05-14,New South Wales,Wednesday,False,False,None,False,26,19
2025-05-15,New South Wales,Thursday,False,False,None,False,25,20
2025-05-16,New South Wales,Friday,False,False,None,False,24,21
2025-05-17,New South Wales,Saturday,True,False,None,False,23,22
2025-05-18,New South Wales,Sunday,True,False,None,False,22,23
2025-05-19,New South Wales,Monday,False,False,None,False,21,24
2025-05-20,New South Wales,Tuesday,False,False,None,False,20,25
2025-05-21,New South Wales,Wednesday,False,False,None,False,19,26
2025-05-22,New South Wales,Thursday,False,False,None,False,18,27
2025-05-23,New South Wales,Friday,False,False,None,False,17,28
2025-05-24,New South Wales,Saturday,True,False,None,False,16,29
2025-05-25,New South Wales,Sunday,True,False,None,False,15,30
2025-05-26,New South Wales,Monday,False,False,None,False,14,30
2025-05-27,New South Wales,Tuesday,False,False,None,False,13,30
2025-05-28,New South Wales,Wednesday,False,False,None,False,12,30
2025-05-29,New South Wales,Thursday,False,False,None,False,11,30
2025-05-30,New South Wales,Friday,False,False,None,False,10,30
2025-05-31,New South Wales,Saturday,True,False,None,False,9,30
2025-06-01,New South Wales,Sunday,True,False,None,False,8,30
2025-06-02,New South Wales,Monday,False,False,None,False,7,30
2025-06-03,New South Wales,Tuesday,False,False,None,False,6,30
2025-06-04,New South Wales,Wednesday,False,False,None,False,5,30
2025-06-05,New South Wales,Thursday,False,False,None,False,4,30
2025-06-06,New South Wales,Friday,False,False,None,False,3,30
2025-06-07,New South Wales,Saturday,True,False,None,False,2,30
2025-06-08,New South Wales,Sunday,True,False,None,False,1,30
2025-06-09,New South Wales,Monday,False,True,King's Birthday,False,0,0
2025-06-10,New South Wales,Tuesday,False,False,None,False,30,1
2025-06-11,New South Wales,Wednesday,False,False,None,False,30,2
2025-06-12,New South Wales,Thursday,False,False,None,False,30,3
2025-06-13,New South Wales,Friday,False,False,None,False,30,4
2025-06-14,New South Wales,Saturday,True,False,None,False,30,5
2025-06-15,New South Wales,Sunday,True,False,None,False,30,6
2025-06-16,New South Wales,Monday,False,False,None,False,30,7
2025-06-17,New South Wales,Tuesday,False,False,None,False,30,8
2025-06-18,New South Wales,Wednesday,False,False,None,False,30,9
2025-06-19,New South Wales,Thursday,False,False,None,False,30,10
2025-06-20,New South Wales,Friday,False,False,None,False,30,11
2025-06-21,New South Wales,Saturday,True,False,None,False,30,12
2025-06-22,New South Wales,Sunday,True,False,None,False,30,13
2025-06-23,New South Wales,Monday,False,False,None,False,30,14
2025-06-24,New South Wales,Tuesday,False,False,None,False,30,15
2025-06-25,New South Wales,Wednesday,False,False,None,False,30,16
2025-06-26,New South Wales,Thursday,False,False,None,False,30,17
2025-06-27,New South Wales,Friday,False,False,None,False,30,18
2025-06-28,New South Wales,Saturday,True,False,None,True,30,19
2025-06-29,New South Wales,Sunday,True,False,None,True,30,20
2025-06-30,New South Wales,Monday,False,False,None,True,30,21
2025-07-01,New South Wales,Tuesday,False,False,None,True,30,22
2025-07-02,New South Wales,Wednesday,False,False,None,True,30,23
2025-07-03,New South Wales,Thursday,False,False,None,True,30,24
2025-07-04,New South Wales,Friday,False,False,None,True,30,25
2025-07-05,New South Wales,Saturday,True,False,None,True,30,26
2025-07-06,New South Wales,Sunday,True,False,None,True,30,27
2025-07-07,New South Wales,Monday,False,False,None,True,30,28
2025-07-08,New South Wales,Tuesday,False,False,None,True,30,29
2025-07-09,New South Wales,Wednesday,False,False,None,True,30,30
2025-07-10,New South Wales,Thursday,False,False,None,True,30,30
2025-07-11,New South Wales,Friday,False,False,None,True,30,30
2025-07-12,New South Wales,Saturday,True,False,None,True,30,30
2025-07-13,New South Wales,Sunday,True,False,None,True,30,30
2025-07-14,New South Wales,Monday,False,False,None,True,30,30
2025-07-15,New South Wales,Tuesday,False,False,None,False,30,30
2025-07-16,New South Wales,Wednesday,False,False,None,False,30,30
2025-07-17,New South Wales,Thursday,False,False,None,False,30,30
2025-07-18,New South Wales,Friday,False,False,None,False,30,30
2025-07-19,New South Wales,Saturday,True,False,None,False,30,30
2025-07-20,New South Wales,Sunday,True,False,None,False,30,30
2025-07-21,New South Wales,Monday,False,False,None,False,30,30
2025-07-22,New South Wales,Tuesday,False,False,None,False,30,30
2025-07-23,New South Wales,Wednesday,False,False,None,False,30,30
2025-07-24,New South Wales,Thursday,False,False,None,False,30,30
2025-07-25,New South Wales,Friday,False,False,None,False,30,30
2025-07-26,New South Wales,Saturday,True,False,None,False,30,30
2025-07-27,New South Wales,Sunday,True,False,None,False,30,30
2025-07-28,New South Wales,Monday,False,False,None,False,30,30
2025-07-29,New South Wales,Tuesday,False,False,None,False,30,30
2025-07-30,New South Wales,Wednesday,False,False,None,False,30,30
2025-07-31,New South Wales,Thursday,False,False,None,False,30,30
2025-08-01,New South Wales,Friday,False,False,None,False,30,30
2025-08-02,New South Wales,Saturday,True,False,None,False,30,30
2025-08-03,New South Wales,Sunday,True,False,None,False,30,30
2025-08-04,New South Wales,Monday,False,False,None,False,30,30
2025-08-05,New South Wales,Tuesday,False,False,None,False,30,30
2025-08-06,New South Wales,Wednesday,False,False,None,False,30,30
2025-08-07,New South Wales,Thursday,False,False,None,False,30,30
2025-08-08,New South Wales,Friday,False,False,None,False,30,30
2025-08-09,New South Wales,Saturday,True,False,None,False,30,30
2025-08-10,New South Wales,Sunday,True,False,None,False,30,30
2025-08-11,New South Wales,Monday,False,False,None,False,30,30
2025-08-12,New South Wales,Tuesday,False,False,None,False,30,30
2025-08-13,New South Wales,Wednesday,False,False,None,False,30,30
2025-08-14,New South Wales,Thursday,False,False,None,False,30,30
2025-08-15,New South Wales,Friday,False,False,None,False,30,30
2025-08-16,New South Wales,Saturday,True,False,None,False,30,30
2025-08-17,New South Wales,Sunday,True,False,None,False,30,30
2025-08-18,New South Wales,Monday,False,False,None,False,30,30
2025-08-19,New South Wales,Tuesday,False,False,None,False,30,30
2025-08-20,New South Wales,Wednesday,False,False,None,False,30,30
2025-08-21,New South Wales,Thursday,False,False,None,False,30,30
2025-08-22,New South Wales,Friday,False,False,None,False,30,30
2025-08-23,New South Wales,Saturday,True,False,None,False,30,30
2025-08-24,New South Wales,Sunday,True,False,None,False,30,30
2025-08-25,New South Wales,Monday,False,False,None,False,30,30
2025-08-26,New South Wales,Tuesday,False,False,None,False,30,30
2025-08-27,New South Wales,Wednesday,False,False,None,False,30,30
2025-08-28,New South Wales,Thursday,False,False,None,False,30,30
2025-08-29,New South Wales,Friday,False,False,None,False,30,30
2025-08-30,New South Wales,Saturday,True,False,None,False,30,30
2025-08-31,New South Wales,Sunday,True,False,None,False,30,30
2025-09-01,New South Wales,Monday,False,False,None,False,30,30
2025-09-02,New South Wales,Tuesday,False,False,None,False,30,30
2025-09-03,New South Wales,Wednesday,False,False,None,False,30,30
2025-09-04,New South Wales,Thursday,False,False,None,False,30,30
2025-09-05,New South Wales,Friday,False,False,None,False,30,30
2025-09-06,New South Wales,Saturday,True,False,None,False,30,30
2025-09-07,New South Wales,Sunday,True,False,None,False,29,30
2025-09-08,New South Wales,Monday,False,False,None,False,28,30
2025-09-09,New South Wales,Tuesday,False,False,None,False,27,30
2025-09-10,New South Wales,Wednesday,False,False,None,False,26,30
2025-09-11,New South Wales,Thursday,False,False,None,False,25,30
2025-09-12,New South Wales,Friday,False,False,None,False,24,30
2025-09-13,New South Wales,Saturday,True,False,None,False,23,30
2025-09-14,New South Wales,Sunday,True,False,None,False,22,30
2025-09-15,New South Wales,Monday,False,False,None,False,21,30
2025-09-16,New South Wales,Tuesday,False,False,None,False,20,30
2025-09-17,New South Wales,Wednesday,False,False,None,False,19,30
2025-09-18,New South Wales,Thursday,False,False,None,False,18,30
2025-09-19,New South Wales,Friday,False,False,None,False,17,30
2025-09-20,New South Wales,Saturday,True,False,None,False,16,30
2025-09-21,New South Wales,Sunday,True,False,None,True,15,30
2025-09-22,New South Wales,Monday,False,False,None,True,14,30
2025-09-23,New South Wales,Tuesday,False,False,None,True,13,30
2025-09-24,New South Wales,Wednesday,False,False,None,True,12,30
2025-09-25,New South Wales,Thursday,False,False,None,True,11,30
2025-09-26,New South Wales,Friday,False,False,None,True,10,30
2025-09-27,New South Wales,Saturday,True,False,None,True,9,30
2025-09-28,New South Wales,Sunday,True,False,None,True,8,30
2025-09-29,New South Wales,Monday,False,False,None,True,7,30
2025-09-30,New South Wales,Tuesday,False,False,None,True,6,30
2025-10-01,New South Wales,Wednesday,False,False,None,True,5,30
2025-10-02,New South Wales,Thursday,False,False,None,True,4,30
2025-10-03,New South Wales,Friday,False,False,None,True,3,30
2025-10-04,New South Wales,Saturday,True,False,None,True,2,30
2025-10-05,New South Wales,Sunday,True,False,None,True,1,30
2025-10-06,New South Wales,Monday,False,True,Labour Day,True,0,0
2025-10-07,New South Wales,Tuesday,False,False,None,False,30,1
2025-10-08,New South Wales,Wednesday,False,False,None,False,30,2
2025-10-09,New South Wales,Thursday,False,False,None,False,30,3
2025-10-10,New South Wales,Friday,False,False,None,False,30,4
2025-10-11,New South Wales,Saturday,True,False,None,False,30,5
2025-10-12,New South Wales,Sunday,True,False,None,False,30,6
2025-10-13,New South Wales,Monday,False,False,None,False,30,7
2025-10-14,New South Wales,Tuesday,False,False,None,False,30,8
2025-10-15,New South Wales,Wednesday,False,False,None,False,30,9
2025-10-16,New South Wales,Thursday,False,False,None,False,30,10
2025-10-17,New South Wales,Friday,False,False,None,False,30,11
2025-10-18,New South Wales,Saturday,True,False,None,False,30,12
2025-10-19,New South Wales,Sunday,True,False,None,False,30,13
2025-10-20,New South Wales,Monday,False,False,None,False,30,14
2025-10-21,New South Wales,Tuesday,False,False,None,False,30,15
2025-10-22,New South Wales,Wednesday,False,False,None,False,30,16
2025-10-23,New South Wales,Thursday,False,False,None,False,30,17
2025-10-24,New South Wales,Friday,False,False,None,False,30,18
2025-10-25,New South Wales,Saturday,True,False,None,False,30,19
2025-10-26,New South Wales,Sunday,True,False,None,False,30,20
2025-10-27,New South Wales,Monday,False,False,None,False,30,21
2025-10-28,New South Wales,Tuesday,False,False,None,False,30,22
2025-10-29,New South Wales,Wednesday,False,False,None,False,30,23
2025-10-30,New South Wales,Thursday,False,False,None,False,30,24
2025-10-31,New South Wales,Friday,False,False,None,False,30,25
2025-11-01,New South Wales,Saturday,True,False,None,False,30,26
2025-11-02,New South Wales,Sunday,True,False,None,False,30,27
2025-11-03,New South Wales,Monday,False,False,None,False,30,28
2025-11-04,New South Wales,Tuesday,False,False,None,False,30,29
2025-11-05,New South Wales,Wednesday,False,False,None,False,30,30
2025-11-06,New South Wales,Thursday,False,False,None,False,30,30
2025-11-07,New South Wales,Friday,False,False,None,False,30,30
2025-11-08,New South Wales,Saturday,True,False,None,False,30,30
2025-11-09,New South Wales,Sunday,True,False,None,False,30,30
2025-11-10,New South Wales,Monday,False,False,None,False,30,30
2025-11-11,New South Wales,Tuesday,False,False,None,False,30,30
2025-11-12,New South Wales,Wednesday,False,False,None,False,30,30
2025-11-13,New South Wales,Thursday,False,False,None,False,30,30
2025-11-14,New South Wales,Friday,False,False,None,False,30,30
2025-11-15,New South Wales,Saturday,True,False,None,False,30,30
2025-11-16,New South Wales,Sunday,True,False,None,False,30,30
2025-11-17,New South Wales,Monday,False,False,None,False,30,30
2025-11-18,New South Wales,Tuesday,False,False,None,False,30,30
2025-11-19,New South Wales,Wednesday,False,False,None,False,30,30
2025-11-20,New South Wales,Thursday,False,False,None,False,30,30
2025-11-21,New South Wales,Friday,False,False,None,False,30,30
2025-11-22,New South Wales,Saturday,True,False,None,False,30,30
2025-11-23,New South Wales,Sunday,True,False,None,False,30,30
2025-11-24,New South Wales,Monday,False,False,None,False,30,30
2025-11-25,New South Wales,Tuesday,False,False,None,False,30,30
2025-11-26,New South Wales,Wednesday,False,False,None,False,29,30
2025-11-27,New South Wales,Thursday,False,False,None,False,28,30
2025-11-28,New South Wales,Friday,False,False,None,False,27,30
2025-11-29,New South Wales,Saturday,True,False,None,False,26,30
2025-11-30,New South Wales,Sunday,True,False,None,False,25,30
2025-12-01,New South Wales,Monday,False,False,None,False,24,30
2025-12-02,New South Wales,Tuesday,False,False,None,False,23,30
2025-12-03,New South Wales,Wednesday,False,False,None,False,22,30
2025-12-04,New South Wales,Thursday,False,False,None,False,21,30
2025-12-05,New South Wales,Friday,False,False,None,False,20,30
2025-12-06,New South Wales,Saturday,True,False,None,False,19,30
2025-12-07,New South Wales,Sunday,True,False,None,False,18,30
2025-12-08,New South Wales,Monday,False,False,None,False,17,30
2025-12-09,New South Wales,Tuesday,False,False,None,False,16,30
2025-12-10,New South Wales,Wednesday,False,False,None,False,15,30
2025-12-11,New South Wales,Thursday,False,False,None,False,14,30
2025-12-12,New South Wales,Friday,False,False,None,False,13,30
2025-12-13,New South Wales,Saturday,True,False,None,False,12,30
2025-12-14,New South Wales,Sunday,True,False,None,False,11,30
2025-12-15,New South Wales,Monday,False,False,None,False,10,30
2025-12-16,New South Wales,Tuesday,False,False,None,False,9,30
2025-12-17,New South Wales,Wednesday,False,False,None,False,8,30
2025-12-18,New South Wales,Thursday,False,False,None,True,7,30
2025-12-19,New South Wales,Friday,False,False,None,True,6,30
2025-12-20,New South Wales,Saturday,True,False,None,True,5,30
2025-12-21,New South Wales,Sunday,True,False,None,True,4,30
2025-12-22,New South Wales,Monday,False,False,None,True,3,30
2025-12-23,New South Wales,Tuesday,False,False,None,True,2,30
2025-12-24,New South Wales,Wednesday,False,False,None,True,1,30
2025-12-25,New South Wales,Thursday,False,True,Christmas Day,True,0,0
2025-12-26,New South Wales,Friday,False,True,Boxing Day,True,0,0
2025-12-27,New South Wales,Saturday,True,False,None,True,30,1
2025-12-28,New South Wales,Sunday,True,False,None,True,30,2
2025-12-29,New South Wales,Monday,False,False,None,True,30,3
2025-12-30,New South Wales,Tuesday,False,False,None,True,30,4
2025-12-31,New South Wales,Wednesday,False,False,None,True,30,5
2023-01-01,Queensland,Sunday,True,True,New Year's Day,True,0,0
2023-01-02,Queensland,Monday,False,False,None,True,24,1
2023-01-03,Queensland,Tuesday,False,False,None,True,23,2
2023-01-04,Queensland,Wednesday,False,False,None,True,22,3
2023-01-05,Queensland,Thursday,False,False,None,True,21,4
2023-01-06,Queensland,Friday,False,False,None,True,20,5
2023-01-07,Queensland,Saturday,True,False,None,True,19,6
2023-01-08,Queensland,Sunday,True,False,None,True,18,7
2023-01-09,Queensland,Monday,False,False,None,True,17,8
2023-01-10,Queensland,Tuesday,False,False,None,True,16,9
2023-01-11,Queensland,Wednesday,False,False,None,True,15,10
2023-01-12,Queensland,Thursday,False,False,None,True,14,11
2023-01-13,Queensland,Friday,False,False,None,True,13,12
2023-01-14,Queensland,Saturday,True,False,None,True,12,13
2023-01-15,Queensland,Sunday,True,False,None,True,11,14
2023-01-16,Queensland,Monday,False,False,None,True,10,15
2023-01-17,Queensland,Tuesday,False,False,None,True,9,16
2023-01-18,Queensland,Wednesday,False,False,None,True,8,17
2023-01-19,Queensland,Thursday,False,False,None,True,7,18
2023-01-20,Queensland,Friday,False,False,None,True,6,19
2023-01-21,Queensland,Saturday,True,False,None,True,5,20
2023-01-22,Queensland,Sunday,True,False,None,True,4,21
2023-01-23,Queensland,Monday,False,False,None,True,3,22
2023-01-24,Queensland,Tuesday,False,False,None,True,2,23
2023-01-25,Queensland,Wednesday,False,False,None,True,1,24
2023-01-26,Queensland,Thursday,False,True,Australia Day,True,0,0
2023-01-27,Queensland,Friday,False,False,None,True,30,1
2023-01-28,Queensland,Saturday,True,False,None,True,30,2
2023-01-29,Queensland,Sunday,True,False,None,False,30,3
2023-01-30,Queensland,Monday,False,False,None,False,30,4
2023-01-31,Queensland,Tuesday,False,False,None,False,30,5
2023-02-01,Queensland,Wednesday,False,False,None,False,30,6
2023-02-02,Queensland,Thursday,False,False,None,False,30,7
2023-02-03,Queensland,Friday,False,False,None,False,30,8
2023-02-04,Queensland,Saturday,True,False,None,False,30,9
2023-02-05,Queensland,Sunday,True,False,None,False,30,10
2023-02-06,Queensland,Monday,False,False,None,False,30,11
2023-02-07,Queensland,Tuesday,False,False,None,False,30,12
2023-02-08,Queensland,Wednesday,False,False,None,False,30,13
2023-02-09,Queensland,Thursday,False,False,None,False,30,14
2023-02-10,Queensland,Friday,False,False,None,False,30,15
2023-02-11,Queensland,Saturday,True,False,None,False,30,16
2023-02-12,Queensland,Sunday,True,False,None,False,30,17
2023-02-13,Queensland,Monday,False,False,None,False,30,18
2023-02-14,Queensland,Tuesday,False,False,None,False,30,19
2023-02-15,Queensland,Wednesday,False,False,None,False,30,20
2023-02-16,Queensland,Thursday,False,False,None,False,30,21
2023-02-17,Queensland,Friday,False,False,None,False,30,22
2023-02-18,Queensland,Saturday,True,False,None,False,30,23
2023-02-19,Queensland,Sunday,True,False,None,False,30,24
2023-02-20,Queensland,Monday,False,False,None,False,30,25
2023-02-21,Queensland,Tuesday,False,False,None,False,30,26
2023-02-22,Queensland,Wednesday,False,False,None,False,30,27
2023-02-23,Queensland,Thursday,False,False,None,False,30,28
2023-02-24,Queensland,Friday,False,False,None,False,30,29
2023-02-25,Queensland,Saturday,True,False,None,False,30,30
2023-02-26,Queensland,Sunday,True,False,None,False,30,30
2023-02-27,Queensland,Monday,False,False,None,False,30,30
2023-02-28,Queensland,Tuesday,False,False,None,False,30,30
2023-03-01,Queensland,Wednesday,False,False,None,False,30,30
2023-03-02,Queensland,Thursday,False,False,None,False,30,30
2023-03-03,Queensland,Friday,False,False,None,False,30,30
2023-03-04,Queensland,Saturday,True,False,None,False,30,30
2023-03-05,Queensland,Sunday,True,False,None,False,30,30
2023-03-06,Queensland,Monday,False,False,None,False,30,30
2023-03-07,Queensland,Tuesday,False,False,None,False,30,30
2023-03-08,Queensland,Wednesday,False,False,None,False,30,30
2023-03-09,Queensland,Thursday,False,False,None,False,29,30
2023-03-10,Queensland,Friday,False,False,None,False,28,30
2023-03-11,Queensland,Saturday,True,False,None,False,27,30
2023-03-12,Queensland,Sunday,True,False,None,False,26,30
2023-03-13,Queensland,Monday,False,False,None,False,25,30
2023-03-14,Queensland,Tuesday,False,False,None,False,24,30
2023-03-15,Queensland,Wednesday,False,False,None,False,23,30
2023-03-16,Queensland,Thursday,False,False,None,False,22,30
2023-03-17,Queensland,Friday,False,False,None,False,21,30
2023-03-18,Queensland,Saturday,True,False,None,False,20,30
2023-03-19,Queensland,Sunday,True,False,None,False,19,30
2023-03-20,Queensland,Monday,False,False,None,False,18,30
2023-03-21,Queensland,Tuesday,False,False,None,False,17,30
2023-03-22,Queensland,Wednesday,False,False,None,False,16,30
2023-03-23,Queensland,Thursday,False,False,None,False,15,30
2023-03-24,Queensland,Friday,False,False,None,False,14,30
2023-03-25,Queensland,Saturday,True,False,None,False,13,30
2023-03-26,Queensland,Sunday,True,False,None,False,12,30
2023-03-27,Queensland,Monday,False,False,None,False,11,30
2023-03-28,Queensland,Tuesday,False,False,None,False,10,30
2023-03-29,Queensland,Wednesday,False,False,None,False,9,30
2023-03-30,Queensland,Thursday,False,False,None,False,8,30
2023-03-31,Queensland,Friday,False,False,None,False,7,30
2023-04-01,Queensland,Saturday,True,False,None,False,6,30
2023-04-02,Queensland,Sunday,True,False,None,True,5,30
2023-04-03,Queensland,Monday,False,False,None,True,4,30
2023-04-04,Queensland,Tuesday,False,False,None,True,3,30
2023-04-05,Queensland,Wednesday,False,False,None,True,2,30
2023-04-06,Queensland,Thursday,False,False,None,True,1,30
2023-04-07,Queensland,Friday,False,True,Good Friday,True,0,0
2023-04-08,Queensland,Saturday,True,True,Easter Saturday,True,0,0
2023-04-09,Queensland,Sunday,True,False,None,True,1,1
2023-04-10,Queensland,Monday,False,True,Easter Monday,True,0,0
2023-04-11,Queensland,Tuesday,False,False,None,True,14,1
2023-04-12,Queensland,Wednesday,False,False,None,True,13,2
2023-04-13,Queensland,Thursday,False,False,None,True,12,3
2023-04-14,Queensland,Friday,False,False,None,True,11,4
2023-04-15,Queensland,Saturday,True,False,None,True,10,5
2023-04-16,Queensland,Sunday,True,False,None,True,9,6
2023-04-17,Queensland,Monday,False,False,None,False,8,7
2023-04-18,Queensland,Tuesday,False,False,None,False,7,8
2023-04-19,Queensland,Wednesday,False,False,None,False,6,9
2023-04-20,Queensland,Thursday,False,False,None,False,5,10
2023-04-21,Queensland,Friday,False,False,None,False,4,11
2023-04-22,Queensland,Saturday,True,False,None,False,3,12
2023-04-23,Queensland,Sunday,True,False,None,False,2,13
2023-04-24,Queensland,Monday,False,False,None,False,1,14
2023-04-25,Queensland,Tuesday,False,True,ANZAC Day,False,0,0
2023-04-26,Queensland,Wednesday,False,False,None,False,5,1
2023-04-27,Queensland,Thursday,False,False,None,False,4,2
2023-04-28,Queensland,Friday,False,False,None,False,3,3
2023-04-29,Queensland,Saturday,True,False,None,False,2,4
2023-04-30,Queensland,Sunday,True,False,None,False,1,5
2023-05-01,Queensland,Monday,False,True,Labour Day,False,0,0
2023-05-02,Queensland,Tuesday,False,False,None,False,30,1
2023-05-03,Queensland,Wednesday,False,False,None,False,30,2
2023-05-04,Queensland,Thursday,False,False,None,False,30,3
2023-05-05,Queensland,Friday,False,False,None,False,30,4
2023-05-06,Queensland,Saturday,True,False,None,False,30,5
2023-05-07,Queensland,Sunday,True,False,None,False,30,6
2023-05-08,Queensland,Monday,False,False,None,False,30,7
2023-05-09,Queensland,Tuesday,False,False,None,False,30,8
2023-05-10,Queensland,Wednesday,False,False,None,False,30,9
2023-05-11,Queensland,Thursday,False,False,None,False,30,10
2023-05-12,Queensland,Friday,False,False,None,False,30,11
2023-05-13,Queensland,Saturday,True,False,None,False,30,12
2023-05-14,Queensland,Sunday,True,False,None,False,30,13
2023-05-15,Queensland,Monday,False,False,None,False,30,14
2023-05-16,Queensland,Tuesday,False,False,None,False,30,15
2023-05-17,Queensland,Wednesday,False,False,None,False,30,16
2023-05-18,Queensland,Thursday,False,False,None,False,30,17
2023-05-19,Queensland,Friday,False,False,None,False,30,18
2023-05-20,Queensland,Saturday,True,False,None,False,30,19
2023-05-21,Queensland,Sunday,True,False,None,False,30,20
2023-05-22,Queensland,Monday,False,False,None,False,30,21
2023-05-23,Queensland,Tuesday,False,False,None,False,30,22
2023-05-24,Queensland,Wednesday,False,False,None,False,30,23
2023-05-25,Queensland,Thursday,False,False,None,False,30,24
2023-05-26,Queensland,Friday,False,False,None,False,30,25
2023-05-27,Queensland,Saturday,True,False,None,False,30,26
2023-05-28,Queensland,Sunday,True,False,None,False,30,27
2023-05-29,Queensland,Monday,False,False,None,False,30,28
2023-05-30,Queensland,Tuesday,False,False,None,False,30,29
2023-05-31,Queensland,Wednesday,False,False,None,False,30,30
2023-06-01,Queensland,Thursday,False,False,None,False,30,30
2023-06-02,Queensland,Friday,False,False,None,False,30,30
2023-06-03,Queensland,Saturday,True,False,None,False,30,30
2023-06-04,Queensland,Sunday,True,False,None,False,30,30
2023-06-05,Queensland,Monday,False,False,None,False,30,30
2023-06-06,Queensland,Tuesday,False,False,None,False,30,30
2023-06-07,Queensland,Wednesday,False,False,None,False,30,30
2023-06-08,Queensland,Thursday,False,False,None,False,30,30
2023-06-09,Queensland,Friday,False,False,None,False,30,30
2023-06-10,Queensland,Saturday,True,False,None,False,30,30
2023-06-11,Queensland,Sunday,True,False,None,False,30,30
2023-06-12,Queensland,Monday,False,False,None,False,30,30
2023-06-13,Queensland,Tuesday,False,False,None,False,30,30
2023-06-14,Queensland,Wednesday,False,False,None,False,30,30
2023-06-15,Queensland,Thursday,False,False,None,False,30,30
2023-06-16,Queensland,Friday,False,False,None,False,30,30
2023-06-17,Queensland,Saturday,True,False,None,False,30,30
2023-06-18,Queensland,Sunday,True,False,None,False,30,30
2023-06-19,Queensland,Monday,False,False,None,False,30,30
2023-06-20,Queensland,Tuesday,False,False,None,False,30,30
2023-06-21,Queensland,Wednesday,False,False,None,False,30,30
2023-06-22,Queensland,Thursday,False,False,None,False,30,30
2023-06-23,Queensland,Friday,False,False,None,False,30,30
2023-06-24,Queensland,Saturday,True,False,None,False,30,30
2023-06-25,Queensland,Sunday,True,False,None,False,30,30
2023-06-26,Queensland,Monday,False,False,None,False,30,30
2023-06-27,Queensland,Tuesday,False,False,None,False,30,30
2023-06-28,Queensland,Wednesday,False,False,None,True,30,30
2023-06-29,Queensland,Thursday,False,False,None,True,30,30
2023-06-30,Queensland,Friday,False,False,None,True,30,30
2023-07-01,Queensland,Saturday,True,False,None,True,30,30
2023-07-02,Queensland,Sunday,True,False,None,True,30,30
2023-07-03,Queensland,Monday,False,False,None,True,30,30
2023-07-04,Queensland,Tuesday,False,False,None,True,30,30
2023-07-05,Queensland,Wednesday,False,False,None,True,30,30
2023-07-06,Queensland,Thursday,False,False,None,True,30,30
2023-07-07,Queensland,Friday,False,False,None,True,30,30
2023-07-08,Queensland,Saturday,True,False,None,True,30,30
2023-07-09,Queensland,Sunday,True,False,None,True,30,30
2023-07-10,Queensland,Monday,False,False,None,True,30,30
2023-07-11,Queensland,Tuesday,False,False,None,True,30,30
2023-07-12,Queensland,Wednesday,False,False,None,True,30,30
2023-07-13,Queensland,Thursday,False,False,None,True,30,30
2023-07-14,Queensland,Friday,False,False,None,True,30,30
2023-07-15,Queensland,Saturday,True,False,None,False,30,30
2023-07-16,Queensland,Sunday,True,False,None,False,30,30
2023-07-17,Queensland,Monday,False,False,None,False,30,30
2023-07-18,Queensland,Tuesday,False,False,None,False,30,30
2023-07-19,Queensland,Wednesday,False,False,None,False,30,30
2023-07-20,Queensland,Thursday,False,False,None,False,30,30
2023-07-21,Queensland,Friday,False,False,None,False,30,30
2023-07-22,Queensland,Saturday,True,False,None,False,30,30
2023-07-23,Queensland,Sunday,True,False,None,False,30,30
2023-07-24,Queensland,Monday,False,False,None,False,30,30
2023-07-25,Queensland,Tuesday,False,False,None,False,30,30
2023-07-26,Queensland,Wednesday,False,False,None,False,30,30
2023-07-27,Queensland,Thursday,False,False,None,False,30,30
2023-07-28,Queensland,Friday,False,False,None,False,30,30
2023-07-29,Queensland,Saturday,True,False,None,False,30,30
2023-07-30,Queensland,Sunday,True,False,None,False,30,30
2023-07-31,Queensland,Monday,False,False,None,False,30,30
2023-08-01,Queensland,Tuesday,False,False,None,False,30,30
2023-08-02,Queensland,Wednesday,False,False,None,False,30,30
2023-08-03,Queensland,Thursday,False,False,None,False,30,30
2023-08-04,Queensland,Friday,False,False,None,False,30,30
2023-08-05,Queensland,Saturday,True,False,None,False,30,30
2023-08-06,Queensland,Sunday,True,False,None,False,30,30
2023-08-07,Queensland,Monday,False,False,None,False,30,30
2023-08-08,Queensland,Tuesday,False,False,None,False,30,30
2023-08-09,Queensland,Wednesday,False,False,None,False,30,30
2023-08-10,Queensland,Thursday,False,False,None,False,30,30
2023-08-11,Queensland,Friday,False,False,None,False,30,30
2023-08-12,Queensland,Saturday,True,False,None,False,30,30
2023-08-13,Queensland,Sunday,True,False,None,False,30,30
2023-08-14,Queensland,Monday,False,False,None,False,30,30
2023-08-15,Queensland,Tuesday,False,False,None,False,30,30
2023-08-16,Queensland,Wednesday,False,False,None,False,30,30
2023-08-17,Queensland,Thursday,False,False,None,False,30,30
2023-08-18,Queensland,Friday,False,False,None,False,30,30
2023-08-19,Queensland,Saturday,True,False,None,False,30,30
2023-08-20,Queensland,Sunday,True,False,None,False,30,30
2023-08-21,Queensland,Monday,False,False,None,False,30,30
2023-08-22,Queensland,Tuesday,False,False,None,False,30,30
2023-08-23,Queensland,Wednesday,False,False,None,False,30,30
2023-08-24,Queensland,Thursday,False,False,None,False,30,30
2023-08-25,Queensland,Friday,False,False,None,False,30,30
2023-08-26,Queensland,Saturday,True,False,None,False,30,30
2023-08-27,Queensland,Sunday,True,False,None,False,30,30
2023-08-28,Queensland,Monday,False,False,None,False,30,30
2023-08-29,Queensland,Tuesday,False,False,None,False,30,30
2023-08-30,Queensland,Wednesday,False,False,None,False,30,30
2023-08-31,Queensland,Thursday,False,False,None,False,30,30
2023-09-01,Queensland,Friday,False,False,None,False,30,30
2023-09-02,Queensland,Saturday,True,False,None,False,30,30
2023-09-03,Queensland,Sunday,True,False,None,False,29,30
2023-09-04,Queensland,Monday,False,False,None,False,28,30
2023-09-05,Queensland,Tuesday,False,False,None,False,27,30
2023-09-06,Queensland,Wednesday,False,False,None,False,26,30
2023-09-07,Queensland,Thursday,False,False,None,False,25,30
2023-09-08,Queensland,Friday,False,False,None,False,24,30
2023-09-09,Queensland,Saturday,True,False,None,False,23,30
2023-09-10,Queensland,Sunday,True,False,None,False,22,30
2023-09-11,Queensland,Monday,False,False,None,False,21,30
2023-09-12,Queensland,Tuesday,False,False,None,False,20,30
2023-09-13,Queensland,Wednesday,False,False,None,False,19,30
2023-09-14,Queensland,Thursday,False,False,None,False,18,30
2023-09-15,Queensland,Friday,False,False,None,False,17,30
2023-09-16,Queensland,Saturday,True,False,None,False,16,30
2023-09-17,Queensland,Sunday,True,False,None,False,15,30
2023-09-18,Queensland,Monday,False,False,None,False,14,30
2023-09-19,Queensland,Tuesday,False,False,None,False,13,30
2023-09-20,Queensland,Wednesday,False,False,None,False,12,30
2023-09-21,Queensland,Thursday,False,False,None,True,11,30
2023-09-22,Queensland,Friday,False,False,None,True,10,30
2023-09-23,Queensland,Saturday,True,False,None,True,9,30
2023-09-24,Queensland,Sunday,True,False,None,True,8,30
2023-09-25,Queensland,Monday,False,False,None,True,7,30
2023-09-26,Queensland,Tuesday,False,False,None,True,6,30
2023-09-27,Queensland,Wednesday,False,False,None,True,5,30
2023-09-28,Queensland,Thursday,False,False,None,True,4,30
2023-09-29,Queensland,Friday,False,False,None,True,3,30
2023-09-30,Queensland,Saturday,True,False,None,True,2,30
2023-10-01,Queensland,Sunday,True,False,None,True,1,30
2023-10-02,Queensland,Monday,False,True,King's Birthday,True,0,0
2023-10-03,Queensland,Tuesday,False,False,None,True,30,1
2023-10-04,Queensland,Wednesday,False,False,None,True,30,2
2023-10-05,Queensland,Thursday,False,False,None,True,30,3
2023-10-06,Queensland,Friday,False,False,None,True,30,4
2023-10-07,Queensland,Saturday,True,False,None,False,30,5
2023-10-08,Queensland,Sunday,True,False,None,False,30,6
2023-10-09,Queensland,Monday,False,False,None,False,30,7
2023-10-10,Queensland,Tuesday,False,False,None,False,30,8
2023-10-11,Queensland,Wednesday,False,False,None,False,30,9
2023-10-12,Queensland,Thursday,False,False,None,False,30,10
2023-10-13,Queensland,Friday,False,False,None,False,30,11
2023-10-14,Queensland,Saturday,True,False,None,False,30,12
2023-10-15,Queensland,Sunday,True,False,None,False,30,13
2023-10-16,Queensland,Monday,False,False,None,False,30,14
2023-10-17,Queensland,Tuesday,False,False,None,False,30,15
2023-10-18,Queensland,Wednesday,False,False,None,False,30,16
2023-10-19,Queensland,Thursday,False,False,None,False,30,17
2023-10-20,Queensland,Friday,False,False,None,False,30,18
2023-10-21,Queensland,Saturday,True,False,None,False,30,19
2023-10-22,Queensland,Sunday,True,False,None,False,30,20
2023-10-23,Queensland,Monday,False,False,None,False,30,21
2023-10-24,Queensland,Tuesday,False,False,None,False,30,22
2023-10-25,Queensland,Wednesday,False,False,None,False,30,23
2023-10-26,Queensland,Thursday,False,False,None,False,30,24
2023-10-27,Queensland,Friday,False,False,None,False,30,25
2023-10-28,Queensland,Saturday,True,False,None,False,30,26
2023-10-29,Queensland,Sunday,True,False,None,False,30,27
2023-10-30,Queensland,Monday,False,False,None,False,30,28
2023-10-31,Queensland,Tuesday,False,False,None,False,30,29
2023-11-01,Queensland,Wednesday,False,False,None,False,30,30
2023-11-02,Queensland,Thursday,False,False,None,False,30,30
2023-11-03,Queensland,Friday,False,False,None,False,30,30
2023-11-04,Queensland,Saturday,True,False,None,False,30,30
2023-11-05,Queensland,Sunday,True,False,None,False,30,30
2023-11-06,Queensland,Monday,False,False,None,False,30,30
2023-11-07,Queensland,Tuesday,False,False,None,False,30,30
2023-11-08,Queensland,Wednesday,False,False,None,False,30,30
2023-11-09,Queensland,Thursday,False,False,None,False,30,30
2023-11-10,Queensland,Friday,False,False,None,False,30,30
2023-11-11,Queensland,Saturday,True,False,None,False,30,30
2023-11-12,Queensland,Sunday,True,False,None,False,30,30
2023-11-13,Queensland,Monday,False,False,None,False,30,30
2023-11-14,Queensland,Tuesday,False,False,None,False,30,30
2023-11-15,Queensland,Wednesday,False,False,None,False,30,30
2023-11-16,Queensland,Thursday,False,False,None,False,30,30
2023-11-17,Queensland,Friday,False,False,None,False,30,30
2023-11-18,Queensland,Saturday,True,False,None,False,30,30
2023-11-19,Queensland,Sunday,True,False,None,False,30,30
2023-11-20,Queensland,Monday,False,False,None,False,30,30
2023-11-21,Queensland,Tuesday,False,False,None,False,30,30
2023-11-22,Queensland,Wednesday,False,False,None,False,30,30
2023-11-23,Queensland,Thursday,False,False,None,False,30,30
2023-11-24,Queensland,Friday,False,False,None,False,30,30
2023-11-25,Queensland,Saturday,True,False,None,False,30,30
2023-11-26,Queensland,Sunday,True,False,None,False,29,30
2023-11-27,Queensland,Monday,False,False,None,False,28,30
2023-11-28,Queensland,Tuesday,False,False,None,False,27,30
2023-11-29,Queensland,Wednesday,False,False,None,False,26,30
2023-11-30,Queensland,Thursday,False,False,None,False,25,30
2023-12-01,Queensland,Friday,False,False,None,False,24,30
2023-12-02,Queensland,Saturday,True,False,None,False,23,30
2023-12-03,Queensland,Sunday,True,False,None,False,22,30
2023-12-04,Queensland,Monday,False,False,None,False,21,30
2023-12-05,Queensland,Tuesday,False,False,None,False,20,30
2023-12-06,Queensland,Wednesday,False,False,None,False,19,30
2023-12-07,Queensland,Thursday,False,False,None,False,18,30
2023-12-08,Queensland,Friday,False,False,None,False,17,30
2023-12-09,Queensland,Saturday,True,False,None,False,16,30
2023-12-10,Queensland,Sunday,True,False,None,False,15,30
2023-12-11,Queensland,Monday,False,False,None,False,14,30
2023-12-12,Queensland,Tuesday,False,False,None,False,13,30
2023-12-13,Queensland,Wednesday,False,False,None,False,12,30
2023-12-14,Queensland,Thursday,False,False,None,False,11,30
2023-12-15,Queensland,Friday,False,False,None,False,10,30
2023-12-16,Queensland,Saturday,True,False,None,False,9,30
2023-12-17,Queensland,Sunday,True,False,None,False,8,30
2023-12-18,Queensland,Monday,False,False,None,True,7,30
2023-12-19,Queensland,Tuesday,False,False,None,True,6,30
2023-12-20,Queensland,Wednesday,False,False,None,True,5,30
2023-12-21,Queensland,Thursday,False,False,None,True,4,30
2023-12-22,Queensland,Friday,False,False,None,True,3,30
2023-12-23,Queensland,Saturday,True,False,None,True,2,30
2023-12-24,Queensland,Sunday,True,False,None,True,1,30
2023-12-25,Queensland,Monday,False,True,Christmas Day,True,0,0
2023-12-26,Queensland,Tuesday,False,True,Boxing Day,True,0,0
2023-12-27,Queensland,Wednesday,False,False,None,True,5,1
2023-12-28,Queensland,Thursday,False,False,None,True,4,2
2023-12-29,Queensland,Friday,False,False,None,True,3,3
2023-12-30,Queensland,Saturday,True,False,None,True,2,4
2023-12-31,Queensland,Sunday,True,False,None,True,1,5
2024-01-01,Queensland,Monday,False,True,New Year's Day,True,0,0
2024-01-02,Queensland,Tuesday,False,False,None,True,24,1
2024-01-03,Queensland,Wednesday,False,False,None,True,23,2
2024-01-04,Queensland,Thursday,False,False,None,True,22,3
2024-01-05,Queensland,Friday,False,False,None,True,21,4
2024-01-06,Queensland,Saturday,True,False,None,True,20,5
2024-01-07,Queensland,Sunday,True,False,None,True,19,6
2024-01-08,Queensland,Monday,False,False,None,True,18,7
2024-01-09,Queensland,Tuesday,False,False,None,True,17,8
2024-01-10,Queensland,Wednesday,False,False,None,True,16,9
2024-01-11,Queensland,Thursday,False,False,None,True,15,10
2024-01-12,Queensland,Friday,False,False,None,True,14,11
2024-01-13,Queensland,Saturday,True,False,None,True,13,12
2024-01-14,Queensland,Sunday,True,False,None,True,12,13
2024-01-15,Queensland,Monday,False,False,None,True,11,14
2024-01-16,Queensland,Tuesday,False,False,None,True,10,15
2024-01-17,Queensland,Wednesday,False,False,None,True,9,16
2024-01-18,Queensland,Thursday,False,False,None,True,8,17
2024-01-19,Queensland,Friday,False,False,None,True,7,18
2024-01-20,Queensland,Saturday,True,False,None,True,6,19
2024-01-21,Queensland,Sunday,True,False,None,True,5,20
2024-01-22,Queensland,Monday,False,False,None,True,4,21
2024-01-23,Queensland,Tuesday,False,False,None,True,3,22
2024-01-24,Queensland,Wednesday,False,False,None,True,2,23
2024-01-25,Queensland,Thursday,False,False,None,True,1,24
2024-01-26,Queensland,Friday,False,True,Australia Day,True,0,0
2024-01-27,Queensland,Saturday,True,False,None,True,30,1
2024-01-28,Queensland,Sunday,True,False,None,True,30,2
2024-01-29,Queensland,Monday,False,False,None,False,30,3
2024-01-30,Queensland,Tuesday,False,False,None,False,30,4
2024-01-31,Queensland,Wednesday,False,False,None,False,30,5
2024-02-01,Queensland,Thursday,False,False,None,False,30,6
2024-02-02,Queensland,Friday,False,False,None,False,30,7
2024-02-03,Queensland,Saturday,True,False,None,False,30,8
2024-02-04,Queensland,Sunday,True,False,None,False,30,9
2024-02-05,Queensland,Monday,False,False,None,False,30,10
2024-02-06,Queensland,Tuesday,False,False,None,False,30,11
2024-02-07,Queensland,Wednesday,False,False,None,False,30,12
2024-02-08,Queensland,Thursday,False,False,None,False,30,13
2024-02-09,Queensland,Friday,False,False,None,False,30,14
2024-02-10,Queensland,Saturday,True,False,None,False,30,15
2024-02-11,Queensland,Sunday,True,False,None,False,30,16
2024-02-12,Queensland,Monday,False,False,None,False,30,17
2024-02-13,Queensland,Tuesday,False,False,None,False,30,18
2024-02-14,Queensland,Wednesday,False,False,None,False,30,19
2024-02-15,Queensland,Thursday,False,False,None,False,30,20
2024-02-16,Queensland,Friday,False,False,None,False,30,21
2024-02-17,Queensland,Saturday,True,False,None,False,30,22
2024-02-18,Queensland,Sunday,True,False,None,False,30,23
2024-02-19,Queensland,Monday,False,False,None,False,30,24
2024-02-20,Queensland,Tuesday,False,False,None,False,30,25
2024-02-21,Queensland,Wednesday,False,False,None,False,30,26
2024-02-22,Queensland,Thursday,False,False,None,False,30,27
2024-02-23,Queensland,Friday,False,False,None,False,30,28
2024-02-24,Queensland,Saturday,True,False,None,False,30,29
2024-02-25,Queensland,Sunday,True,False,None,False,30,30
2024-02-26,Queensland,Monday,False,False,None,False,30,30
2024-02-27,Queensland,Tuesday,False,False,None,False,30,30
2024-02-28,Queensland,Wednesday,False,False,None,False,30,30
2024-02-29,Queensland,Thursday,False,False,None,False,29,30
2024-03-01,Queensland,Friday,False,False,None,False,28,30
2024-03-02,Queensland,Saturday,True,False,None,False,27,30
2024-03-03,Queensland,Sunday,True,False,None,False,26,30
2024-03-04,Queensland,Monday,False,False,None,False,25,30
2024-03-05,Queensland,Tuesday,False,False,None,False,24,30
2024-03-06,Queensland,Wednesday,False,False,None,False,23,30
2024-03-07,Queensland,Thursday,False,False,None,False,22,30
2024-03-08,Queensland,Friday,False,False,None,False,21,30
2024-03-09,Queensland,Saturday,True,False,None,False,20,30
2024-03-10,Queensland,Sunday,True,False,None,False,19,30
2024-03-11,Queensland,Monday,False,False,None,False,18,30
2024-03-12,Queensland,Tuesday,False,False,None,False,17,30
2024-03-13,Queensland,Wednesday,False,False,None,False,16,30
2024-03-14,Queensland,Thursday,False,False,None,False,15,30
2024-03-15,Queensland,Friday,False,False,None,False,14,30
2024-03-16,Queensland,Saturday,True,False,None,False,13,30
2024-03-17,Queensland,Sunday,True,False,None,False,12,30
2024-03-18,Queensland,Monday,False,False,None,False,11,30
2024-03-19,Queensland,Tuesday,False,False,None,False,10,30
2024-03-20,Queensland,Wednesday,False,False,None,False,9,30
2024-03-21,Queensland,Thursday,False,False,None,False,8,30
2024-03-22,Queensland,Friday,False,False,None,False,7,30
2024-03-23,Queensland,Saturday,True,False,None,False,6,30
2024-03-24,Queensland,Sunday,True,False,None,True,5,30
2024-03-25,Queensland,Monday,False,False,None,True,4,30
2024-03-26,Queensland,Tuesday,False,False,None,True,3,30
2024-03-27,Queensland,Wednesday,False,False,None,True,2,30
2024-03-28,Queensland,Thursday,False,False,None,True,1,30
2024-03-29,Queensland,Friday,False,True,Good Friday,True,0,0
2024-03-30,Queensland,Saturday,True,True,Easter Saturday,True,0,0
2024-03-31,Queensland,Sunday,True,False,None,True,1,1
2024-04-01,Queensland,Monday,False,True,Easter Monday,True,0,0
2024-04-02,Queensland,Tuesday,False,False,None,True,23,1
2024-04-03,Queensland,Wednesday,False,False,None,True,22,2
2024-04-04,Queensland,Thursday,False,False,None,True,21,3
2024-04-05,Queensland,Friday,False,False,None,True,20,4
2024-04-06,Queensland,Saturday,True,False,None,True,19,5
2024-04-07,Queensland,Sunday,True,False,None,True,18,6
2024-04-08,Queensland,Monday,False,False,None,False,17,7
2024-04-09,Queensland,Tuesday,False,False,None,False,16,8
2024-04-10,Queensland,Wednesday,False,False,None,False,15,9
2024-04-11,Queensland,Thursday,False,False,None,False,14,10
2024-04-12,Queensland,Friday,False,False,None,False,13,11
2024-04-13,Queensland,Saturday,True,False,None,False,12,12
2024-04-14,Queensland,Sunday,True,False,None,False,11,13
2024-04-15,Queensland,Monday,False,False,None,False,10,14
2024-04-16,Queensland,Tuesday,False,False,None,False,9,15
2024-04-17,Queensland,Wednesday,False,False,None,False,8,16
2024-04-18,Queensland,Thursday,False,False,None,False,7,17
2024-04-19,Queensland,Friday,False,False,None,False,6,18
2024-04-20,Queensland,Saturday,True,False,None,False,5,19
2024-04-21,Queensland,Sunday,True,False,None,False,4,20
2024-04-22,Queensland,Monday,False,False,None,False,3,21
2024-04-23,Queensland,Tuesday,False,False,None,False,2,22
2024-04-24,Queensland,Wednesday,False,False,None,False,1,23
2024-04-25,Queensland,Thursday,False,True,ANZAC Day,False,0,0
2024-04-26,Queensland,Friday,False,False,None,False,10,1
2024-04-27,Queensland,Saturday,True,False,None,False,9,2
2024-04-28,Queensland,Sunday,True,False,None,False,8,3
2024-04-29,Queensland,Monday,False,False,None,False,7,4
2024-04-30,Queensland,Tuesday,False,False,None,False,6,5
2024-05-01,Queensland,Wednesday,False,False,None,False,5,6
2024-05-02,Queensland,Thursday,False,False,None,False,4,7
2024-05-03,Queensland,Friday,False,False,None,False,3,8
2024-05-04,Queensland,Saturday,True,False,None,False,2,9
2024-05-05,Queensland,Sunday,True,False,None,False,1,10
2024-05-06,Queensland,Monday,False,True,Labour Day,False,0,0
2024-05-07,Queensland,Tuesday,False,False,None,False,30,1
2024-05-08,Queensland,Wednesday,False,False,None,False,30,2
2024-05-09,Queensland,Thursday,False,False,None,False,30,3
2024-05-10,Queensland,Friday,False,False,None,False,30,4
2024-05-11,Queensland,Saturday,True,False,None,False,30,5
2024-05-12,Queensland,Sunday,True,False,None,False,30,6
2024-05-13,Queensland,Monday,False,False,None,False,30,7
2024-05-14,Queensland,Tuesday,False,False,None,False,30,8
2024-05-15,Queensland,Wednesday,False,False,None,False,30,9
2024-05-16,Queensland,Thursday,False,False,None,False,30,10
2024-05-17,Queensland,Friday,False,False,None,False,30,11
2024-05-18,Queensland,Saturday,True,False,None,False,30,12
2024-05-19,Queensland,Sunday,True,False,None,False,30,13
2024-05-20,Queensland,Monday,False,False,None,False,30,14
2024-05-21,Queensland,Tuesday,False,False,None,False,30,15
2024-05-22,Queensland,Wednesday,False,False,None,False,30,16
2024-05-23,Queensland,Thursday,False,False,None,False,30,17
2024-05-24,Queensland,Friday,False,False,None,False,30,18
2024-05-25,Queensland,Saturday,True,False,None,False,30,19
2024-05-26,Queensland,Sunday,True,False,None,False,30,20
2024-05-27,Queensland,Monday,False,False,None,False,30,21
2024-05-28,Queensland,Tuesday,False,False,None,False,30,22
2024-05-29,Queensland,Wednesday,False,False,None,False,30,23
2024-05-30,Queensland,Thursday,False,False,None,False,30,24
2024-05-31,Queensland,Friday,False,False,None,False,30,25
2024-06-01,Queensland,Saturday,True,False,None,False,30,26
2024-06-02,Queensland,Sunday,True,False,None,False,30,27
2024-06-03,Queensland,Monday,False,False,None,False,30,28
2024-06-04,Queensland,Tuesday,False,False,None,False,30,29
2024-06-05,Queensland,Wednesday,False,False,None,False,30,30
2024-06-06,Queensland,Thursday,False,False,None,False,30,30
2024-06-07,Queensland,Friday,False,False,None,False,30,30
2024-06-08,Queensland,Saturday,True,False,None,False,30,30
2024-06-09,Queensland,Sunday,True,False,None,False,30,30
2024-06-10,Queensland,Monday,False,False,None,False,30,30
2024-06-11,Queensland,Tuesday,False,False,None,False,30,30
2024-06-12,Queensland,Wednesday,False,False,None,False,30,30
2024-06-13,Queensland,Thursday,False,False,None,False,30,30
2024-06-14,Queensland,Friday,False,False,None,False,30,30
2024-06-15,Queensland,Saturday,True,False,None,False,30,30
2024-06-16,Queensland,Sunday,True,False,None,False,30,30
2024-06-17,Queensland,Monday,False,False,None,False,30,30
2024-06-18,Queensland,Tuesday,False,False,None,False,30,30
2024-06-19,Queensland,Wednesday,False,False,None,False,30,30
2024-06-20,Queensland,Thursday,False,False,None,False,30,30
2024-06-21,Queensland,Friday,False,False,None,False,30,30
2024-06-22,Queensland,Saturday,True,False,None,False,30,30
2024-06-23,Queensland,Sunday,True,False,None,False,30,30
2024-06-24,Queensland,Monday,False,False,None,False,30,30
2024-06-25,Queensland,Tuesday,False,False,None,False,30,30
2024-06-26,Queensland,Wednesday,False,False,None,False,30,30
2024-06-27,Queensland,Thursday,False,False,None,False,30,30
2024-06-28,Queensland,Friday,False,False,None,True,30,30
2024-06-29,Queensland,Saturday,True,False,None,True,30,30
2024-06-30,Queensland,Sunday,True,False,None,True,30,30
2024-07-01,Queensland,Monday,False,False,None,True,30,30
2024-07-02,Queensland,Tuesday,False,False,None,True,30,30
2024-07-03,Queensland,Wednesday,False,False,None,True,30,30
2024-07-04,Queensland,Thursday,False,False,None,True,30,30
2024-07-05,Queensland,Friday,False,False,None,True,30,30
2024-07-06,Queensland,Saturday,True,False,None,True,30,30
2024-07-07,Queensland,Sunday,True,False,None,True,30,30
2024-07-08,Queensland,Monday,False,False,None,True,30,30
2024-07-09,Queensland,Tuesday,False,False,None,True,30,30
2024-07-10,Queensland,Wednesday,False,False,None,True,30,30
2024-07-11,Queensland,Thursday,False,False,None,True,30,30
2024-07-12,Queensland,Friday,False,False,None,True,30,30
2024-07-13,Queensland,Saturday,True,False,None,True,30,30
2024-07-14,Queensland,Sunday,True,False,None,True,30,30
2024-07-15,Queensland,Monday,False,False,None,False,30,30
2024-07-16,Queensland,Tuesday,False,False,None,False,30,30
2024-07-17,Queensland,Wednesday,False,False,None,False,30,30
2024-07-18,Queensland,Thursday,False,False,None,False,30,30
2024-07-19,Queensland,Friday,False,False,None,False,30,30
2024-07-20,Queensland,Saturday,True,False,None,False,30,30
2024-07-21,Queensland,Sunday,True,False,None,False,30,30
2024-07-22,Queensland,Monday,False,False,None,False,30,30
2024-07-23,Queensland,Tuesday,False,False,None,False,30,30
2024-07-24,Queensland,Wednesday,False,False,None,False,30,30
2024-07-25,Queensland,Thursday,False,False,None,False,30,30
2024-07-26,Queensland,Friday,False,False,None,False,30,30
2024-07-27,Queensland,Saturday,True,False,None,False,30,30
2024-07-28,Queensland,Sunday,True,False,None,False,30,30
2024-07-29,Queensland,Monday,False,False,None,False,30,30
2024-07-30,Queensland,Tuesday,False,False,None,False,30,30
2024-07-31,Queensland,Wednesday,False,False,None,False,30,30
2024-08-01,Queensland,Thursday,False,False,None,False,30,30
2024-08-02,Queensland,Friday,False,False,None,False,30,30
2024-08-03,Queensland,Saturday,True,False,None,False,30,30
2024-08-04,Queensland,Sunday,True,False,None,False,30,30
2024-08-05,Queensland,Monday,False,False,None,False,30,30
2024-08-06,Queensland,Tuesday,False,False,None,False,30,30
2024-08-07,Queensland,Wednesday,False,False,None,False,30,30
2024-08-08,Queensland,Thursday,False,False,None,False,30,30
2024-08-09,Queensland,Friday,False,False,None,False,30,30
2024-08-10,Queensland,Saturday,True,False,None,False,30,30
2024-08-11,Queensland,Sunday,True,False,None,False,30,30
2024-08-12,Queensland,Monday,False,False,None,False,30,30
2024-08-13,Queensland,Tuesday,False,False,None,False,30,30
2024-08-14,Queensland,Wednesday,False,False,None,False,30,30
2024-08-15,Queensland,Thursday,False,False,None,False,30,30
2024-08-16,Queensland,Friday,False,False,None,False,30,30
2024-08-17,Queensland,Saturday,True,False,None,False,30,30
2024-08-18,Queensland,Sunday,True,False,None,False,30,30
2024-08-19,Queensland,Monday,False,False,None,False,30,30
2024-08-20,Queensland,Tuesday,False,False,None,False,30,30
2024-08-21,Queensland,Wednesday,False,False,None,False,30,30
2024-08-22,Queensland,Thursday,False,False,None,False,30,30
2024-08-23,Queensland,Friday,False,False,None,False,30,30
2024-08-24,Queensland,Saturday,True,False,None,False,30,30
2024-08-25,Queensland,Sunday,True,False,None,False,30,30
2024-08-26,Queensland,Monday,False,False,None,False,30,30
2024-08-27,Queensland,Tuesday,False,False,None,False,30,30
2024-08-28,Queensland,Wednesday,False,False,None,False,30,30
2024-08-29,Queensland,Thursday,False,False,None,False,30,30
2024-08-30,Queensland,Friday,False,False,None,False,30,30
2024-08-31,Queensland,Saturday,True,False,None,False,30,30
2024-09-01,Queensland,Sunday,True,False,None,False,30,30
2024-09-02,Queensland,Monday,False,False,None,False,30,30
2024-09-03,Queensland,Tuesday,False,False,None,False,30,30
2024-09-04,Queensland,Wednesday,False,False,None,False,30,30
2024-09-05,Queensland,Thursday,False,False,None,False,30,30
2024-09-06,Queensland,Friday,False,False,None,False,30,30
2024-09-07,Queensland,Saturday,True,False,None,False,30,30
2024-09-08,Queensland,Sunday,True,False,None,False,29,30
2024-09-09,Queensland,Monday,False,False,None,False,28,30
2024-09-10,Queensland,Tuesday,False,False,None,False,27,30
2024-09-11,Queensland,Wednesday,False,False,None,False,26,30
2024-09-12,Queensland,Thursday,False,False,None,False,25,30
2024-09-13,Queensland,Friday,False,False,None,False,24,30
2024-09-14,Queensland,Saturday,True,False,None,False,23,30
2024-09-15,Queensland,Sunday,True,False,None,False,22,30
2024-09-16,Queensland,Monday,False,False,None,False,21,30
2024-09-17,Queensland,Tuesday,False,False,None,False,20,30
2024-09-18,Queensland,Wednesday,False,False,None,False,19,30
2024-09-19,Queensland,Thursday,False,False,None,False,18,30
2024-09-20,Queensland,Friday,False,False,None,False,17,30
2024-09-21,Queensland,Saturday,True,False,None,True,16,30
2024-09-22,Queensland,Sunday,True,False,None,True,15,30
2024-09-23,Queensland,Monday,False,False,None,True,14,30
2024-09-24,Queensland,Tuesday,False,False,None,True,13,30
2024-09-25,Queensland,Wednesday,False,False,None,True,12,30
2024-09-26,Queensland,Thursday,False,False,None,True,11,30
2024-09-27,Queensland,Friday,False,False,None,True,10,30
2024-09-28,Queensland,Saturday,True,False,None,True,9,30
2024-09-29,Queensland,Sunday,True,False,None,True,8,30
2024-09-30,Queensland,Monday,False,False,None,True,7,30
2024-10-01,Queensland,Tuesday,False,False,None,True,6,30
2024-10-02,Queensland,Wednesday,False,False,None,True,5,30
2024-10-03,Queensland,Thursday,False,False,None,True,4,30
2024-10-04,Queensland,Friday,False,False,None,True,3,30
2024-10-05,Queensland,Saturday,True,False,None,True,2,30
2024-10-06,Queensland,Sunday,True,False,None,True,1,30
2024-10-07,Queensland,Monday,False,True,King's Birthday,False,0,0
2024-10-08,Queensland,Tuesday,False,False,None,False,30,1
2024-10-09,Queensland,Wednesday,False,False,None,False,30,2
2024-10-10,Queensland,Thursday,False,False,None,False,30,3
2024-10-11,Queensland,Friday,False,False,None,False,30,4
2024-10-12,Queensland,Saturday,True,False,None,False,30,5
2024-10-13,Queensland,Sunday,True,False,None,False,30,6
2024-10-14,Queensland,Monday,False,False,None,False,30,7
2024-10-15,Queensland,Tuesday,False,False,None,False,30,8
2024-10-16,Queensland,Wednesday,False,False,None,False,30,9
2024-10-17,Queensland,Thursday,False,False,None,False,30,10
2024-10-18,Queensland,Friday,False,False,None,False,30,11
2024-10-19,Queensland,Saturday,True,False,None,False,30,12
2024-10-20,Queensland,Sunday,True,False,None,False,30,13
2024-10-21,Queensland,Monday,False,False,None,False,30,14
2024-10-22,Queensland,Tuesday,False,False,None,False,30,15
2024-10-23,Queensland,Wednesday,False,False,None,False,30,16
2024-10-24,Queensland,Thursday,False,False,None,False,30,17
2024-10-25,Queensland,Friday,False,False,None,False,30,18
2024-10-26,Queensland,Saturday,True,False,None,False,30,19
2024-10-27,Queensland,Sunday,True,False,None,False,30,20
2024-10-28,Queensland,Monday,False,False,None,False,30,21
2024-10-29,Queensland,Tuesday,False,False,None,False,30,22
2024-10-30,Queensland,Wednesday,False,False,None,False,30,23
2024-10-31,Queensland,Thursday,False,False,None,False,30,24
2024-11-01,Queensland,Friday,False,False,None,False,30,25
2024-11-02,Queensland,Saturday,True,False,None,False,30,26
2024-11-03,Queensland,Sunday,True,False,None,False,30,27
2024-11-04,Queensland,Monday,False,False,None,False,30,28
2024-11-05,Queensland,Tuesday,False,False,None,False,30,29
2024-11-06,Queensland,Wednesday,False,False,None,False,30,30
2024-11-07,Queensland,Thursday,False,False,None,False,30,30
2024-11-08,Queensland,Friday,False,False,None,False,30,30
2024-11-09,Queensland,Saturday,True,False,None,False,30,30
2024-11-10,Queensland,Sunday,True,False,None,False,30,30
2024-11-11,Queensland,Monday,False,False,None,False,30,30
2024-11-12,Queensland,Tuesday,False,False,None,False,30,30
2024-11-13,Queensland,Wednesday,False,False,None,False,30,30
2024-11-14,Queensland,Thursday,False,False,None,False,30,30
2024-11-15,Queensland,Friday,False,False,None,False,30,30
2024-11-16,Queensland,Saturday,True,False,None,False,30,30
2024-11-17,Queensland,Sunday,True,False,None,False,30,30
2024-11-18,Queensland,Monday,False,False,None,False,30,30
2024-11-19,Queensland,Tuesday,False,False,None,False,30,30
2024-11-20,Queensland,Wednesday,False,False,None,False,30,30
2024-11-21,Queensland,Thursday,False,False,None,False,30,30
2024-11-22,Queensland,Friday,False,False,None,False,30,30
2024-11-23,Queensland,Saturday,True,False,None,False,30,30
2024-11-24,Queensland,Sunday,True,False,None,False,30,30
2024-11-25,Queensland,Monday,False,False,None,False,30,30
2024-11-26,Queensland,Tuesday,False,False,None,False,29,30
2024-11-27,Queensland,Wednesday,False,False,None,False,28,30
2024-11-28,Queensland,Thursday,False,False,None,False,27,30
2024-11-29,Queensland,Friday,False,False,None,False,26,30
2024-11-30,Queensland,Saturday,True,False,None,False,25,30
2024-12-01,Queensland,Sunday,True,False,None,False,24,30
2024-12-02,Queensland,Monday,False,False,None,False,23,30
2024-12-03,Queensland,Tuesday,False,False,None,False,22,30
2024-12-04,Queensland,Wednesday,False,False,None,False,21,30
2024-12-05,Queensland,Thursday,False,False,None,False,20,30
2024-12-06,Queensland,Friday,False,False,None,False,19,30
2024-12-07,Queensland,Saturday,True,False,None,False,18,30
2024-12-08,Queensland,Sunday,True,False,None,False,17,30
2024-12-09,Queensland,Monday,False,False,None,False,16,30
2024-12-10,Queensland,Tuesday,False,False,None,False,15,30
2024-12-11,Queensland,Wednesday,False,False,None,False,14,30
2024-12-12,Queensland,Thursday,False,False,None,False,13,30
2024-12-13,Queensland,Friday,False,False,None,False,12,30
2024-12-14,Queensland,Saturday,True,False,None,False,11,30
2024-12-15,Queensland,Sunday,True,False,None,False,10,30
2024-12-16,Queensland,Monday,False,False,None,False,9,30
2024-12-17,Queensland,Tuesday,False,False,None,False,8,30
2024-12-18,Queensland,Wednesday,False,False,None,True,7,30
2024-12-19,Queensland,Thursday,False,False,None,True,6,30
2024-12-20,Queensland,Friday,False,False,None,True,5,30
2024-12-21,Queensland,Saturday,True,False,None,True,4,30
2024-12-22,Queensland,Sunday,True,False,None,True,3,30
2024-12-23,Queensland,Monday,False,False,None,True,2,30
2024-12-24,Queensland,Tuesday,False,False,None,True,1,30
2024-12-25,Queensland,Wednesday,False,True,Christmas Day,True,0,0
2024-12-26,Queensland,Thursday,False,True,Boxing Day,True,0,0
2024-12-27,Queensland,Friday,False,False,None,True,5,1
2024-12-28,Queensland,Saturday,True,False,None,True,4,2
2024-12-29,Queensland,Sunday,True,False,None,True,3,3
2024-12-30,Queensland,Monday,False,False,None,True,2,4
2024-12-31,Queensland,Tuesday,False,False,None,True,1,5
2025-01-01,Queensland,Wednesday,False,True,New Year's Day,True,0,0
2025-01-02,Queensland,Thursday,False,False,None,True,24,1
2025-01-03,Queensland,Friday,False,False,None,True,23,2
2025-01-04,Queensland,Saturday,True,False,None,True,22,3
2025-01-05,Queensland,Sunday,True,False,None,True,21,4
2025-01-06,Queensland,Monday,False,False,None,True,20,5
2025-01-07,Queensland,Tuesday,False,False,None,True,19,6
2025-01-08,Queensland,Wednesday,False,False,None,True,18,7
2025-01-09,Queensland,Thursday,False,False,None,True,17,8
2025-01-10,Queensland,Friday,False,False,None,True,16,9
2025-01-11,Queensland,Saturday,True,False,None,True,15,10
2025-01-12,Queensland,Sunday,True,False,None,True,14,11
2025-01-13,Queensland,Monday,False,False,None,True,13,12
2025-01-14,Queensland,Tuesday,False,False,None,True,12,13
2025-01-15,Queensland,Wednesday,False,False,None,True,11,14
2025-01-16,Queensland,Thursday,False,False,None,True,10,15
2025-01-17,Queensland,Friday,False,False,None,True,9,16
2025-01-18,Queensland,Saturday,True,False,None,True,8,17
2025-01-19,Queensland,Sunday,True,False,None,True,7,18
2025-01-20,Queensland,Monday,False,False,None,True,6,19
2025-01-21,Queensland,Tuesday,False,False,None,True,5,20
2025-01-22,Queensland,Wednesday,False,False,None,True,4,21
2025-01-23,Queensland,Thursday,False,False,None,True,3,22
2025-01-24,Queensland,Friday,False,False,None,True,2,23
2025-01-25,Queensland,Saturday,True,False,None,True,1,24
2025-01-26,Queensland,Sunday,True,True,Australia Day,True,0,0
2025-01-27,Queensland,Monday,False,False,None,True,30,1
2025-01-28,Queensland,Tuesday,False,False,None,True,30,2
2025-01-29,Queensland,Wednesday,False,False,None,False,30,3
2025-01-30,Queensland,Thursday,False,False,None,False,30,4
2025-01-31,Queensland,Friday,False,False,None,False,30,5
2025-02-01,Queensland,Saturday,True,False,None,False,30,6
2025-02-02,Queensland,Sunday,True,False,None,False,30,7
2025-02-03,Queensland,Monday,False,False,None,False,30,8
2025-02-04,Queensland,Tuesday,False,False,None,False,30,9
2025-02-05,Queensland,Wednesday,False,False,None,False,30,10
2025-02-06,Queensland,Thursday,False,False,None,False,30,11
2025-02-07,Queensland,Friday,False,False,None,False,30,12
2025-02-08,Queensland,Saturday,True,False,None,False,30,13
2025-02-09,Queensland,Sunday,True,False,None,False,30,14
2025-02-10,Queensland,Monday,False,False,None,False,30,15
2025-02-11,Queensland,Tuesday,False,False,None,False,30,16
2025-02-12,Queensland,Wednesday,False,False,None,False,30,17
2025-02-13,Queensland,Thursday,False,False,None,False,30,18
2025-02-14,Queensland,Friday,False,False,None,False,30,19
2025-02-15,Queensland,Saturday,True,False,None,False,30,20
2025-02-16,Queensland,Sunday,True,False,None,False,30,21
2025-02-17,Queensland,Monday,False,False,None,False,30,22
2025-02-18,Queensland,Tuesday,False,False,None,False,30,23
2025-02-19,Queensland,Wednesday,False,False,None,False,30,24
2025-02-20,Queensland,Thursday,False,False,None,False,30,25
2025-02-21,Queensland,Friday,False,False,None,False,30,26
2025-02-22,Queensland,Saturday,True,False,None,False,30,27
2025-02-23,Queensland,Sunday,True,False,None,False,30,28
2025-02-24,Queensland,Monday,False,False,None,False,30,29
2025-02-25,Queensland,Tuesday,False,False,None,False,30,30
2025-02-26,Queensland,Wednesday,False,False,None,False,30,30
2025-02-27,Queensland,Thursday,False,False,None,False,30,30
2025-02-28,Queensland,Friday,False,False,None,False,30,30
2025-03-01,Queensland,Saturday,True,False,None,False,30,30
2025-03-02,Queensland,Sunday,True,False,None,False,30,30
2025-03-03,Queensland,Monday,False,False,None,False,30,30
2025-03-04,Queensland,Tuesday,False,False,None,False,30,30
2025-03-05,Queensland,Wednesday,False,False,None,False,30,30
2025-03-06,Queensland,Thursday,False,False,None,False,30,30
2025-03-07,Queensland,Friday,False,False,None,False,30,30
2025-03-08,Queensland,Saturday,True,False,None,False,30,30
2025-03-09,Queensland,Sunday,True,False,None,False,30,30
2025-03-10,Queensland,Monday,False,False,None,False,30,30
2025-03-11,Queensland,Tuesday,False,False,None,False,30,30
2025-03-12,Queensland,Wednesday,False,False,None,False,30,30
2025-03-13,Queensland,Thursday,False,False,None,False,30,30
2025-03-14,Queensland,Friday,False,False,None,False,30,30
2025-03-15,Queensland,Saturday,True,False,None,False,30,30
2025-03-16,Queensland,Sunday,True,False,None,False,30,30
2025-03-17,Queensland,Monday,False,False,None,False,30,30
2025-03-18,Queensland,Tuesday,False,False,None,False,30,30
2025-03-19,Queensland,Wednesday,False,False,None,False,30,30
2025-03-20,Queensland,Thursday,False,False,None,False,29,30
2025-03-21,Queensland,Friday,False,False,None,False,28,30
2025-03-22,Queensland,Saturday,True,False,None,False,27,30
2025-03-23,Queensland,Sunday,True,False,None,False,26,30
2025-03-24,Queensland,Monday,False,False,None,False,25,30
2025-03-25,Queensland,Tuesday,False,False,None,False,24,30
2025-03-26,Queensland,Wednesday,False,False,None,False,23,30
2025-03-27,Queensland,Thursday,False,False,None,False,22,30
2025-03-28,Queensland,Friday,False,False,None,False,21,30
2025-03-29,Queensland,Saturday,True,False,None,False,20,30
2025-03-30,Queensland,Sunday,True,False,None,False,19,30
2025-03-31,Queensland,Monday,False,False,None,False,18,30
2025-04-01,Queensland,Tuesday,False,False,None,False,17,30
2025-04-02,Queensland,Wednesday,False,False,None,False,16,30
2025-04-03,Queensland,Thursday,False,False,None,False,15,30
2025-04-04,Queensland,Friday,False,False,None,False,14,30
2025-04-05,Queensland,Saturday,True,False,None,False,13,30
2025-04-06,Queensland,Sunday,True,False,None,False,12,30
2025-04-07,Queensland,Monday,False,False,None,False,11,30
2025-04-08,Queensland,Tuesday,False,False,None,False,10,30
2025-04-09,Queensland,Wednesday,False,False,None,False,9,30
2025-04-10,Queensland,Thursday,False,False,None,False,8,30
2025-04-11,Queensland,Friday,False,False,None,False,7,30
2025-04-12,Queensland,Saturday,True,False,None,False,6,30
2025-04-13,Queensland,Sunday,True,False,None,True,5,30
2025-04-14,Queensland,Monday,False,False,None,True,4,30
2025-04-15,Queensland,Tuesday,False,False,None,True,3,30
2025-04-16,Queensland,Wednesday,False,False,None,True,2,30
2025-04-17,Queensland,Thursday,False,False,None,True,1,30
2025-04-18,Queensland,Friday,False,True,Good Friday,True,0,0
2025-04-19,Queensland,Saturday,True,True,Easter Saturday,True,0,0
2025-04-20,Queensland,Sunday,True,False,None,True,1,1
2025-04-21,Queensland,Monday,False,True,Easter Monday,True,0,0
2025-04-22,Queensland,Tuesday,False,False,None,True,3,1
2025-04-23,Queensland,Wednesday,False,False,None,True,2,2
2025-04-24,Queensland,Thursday,False,False,None,True,1,3
2025-04-25,Queensland,Friday,False,True,ANZAC Day,True,0,0
2025-04-26,Queensland,Saturday,True,False,None,True,9,1
2025-04-27,Queensland,Sunday,True,False,None,True,8,2
2025-04-28,Queensland,Monday,False,False,None,False,7,3
2025-04-29,Queensland,Tuesday,False,False,None,False,6,4
2025-04-30,Queensland,Wednesday,False,False,None,False,5,5
2025-05-01,Queensland,Thursday,False,False,None,False,4,6
2025-05-02,Queensland,Friday,False,False,None,False,3,7
2025-05-03,Queensland,Saturday,True,False,None,False,2,8
2025-05-04,Queensland,Sunday,True,False,None,False,1,9
2025-05-05,Queensland,Monday,False,True,Labour Day,False,0,0
2025-05-06,Queensland,Tuesday,False,False,None,False,30,1
2025-05-07,Queensland,Wednesday,False,False,None,False,30,2
2025-05-08,Queensland,Thursday,False,False,None,False,30,3
2025-05-09,Queensland,Friday,False,False,None,False,30,4
2025-05-10,Queensland,Saturday,True,False,None,False,30,5
2025-05-11,Queensland,Sunday,True,False,None,False,30,6
2025-05-12,Queensland,Monday,False,False,None,False,30,7
2025-05-13,Queensland,Tuesday,False,False,None,False,30,8
2025-05-14,Queensland,Wednesday,False,False,None,False,30,9
2025-05-15,Queensland,Thursday,False,False,None,False,30,10
2025-05-16,Queensland,Friday,False,False,None,False,30,11
2025-05-17,Queensland,Saturday,True,False,None,False,30,12
2025-05-18,Queensland,Sunday,True,False,None,False,30,13
2025-05-19,Queensland,Monday,False,False,None,False,30,14
2025-05-20,Queensland,Tuesday,False,False,None,False,30,15
2025-05-21,Queensland,Wednesday,False,False,None,False,30,16
2025-05-22,Queensland,Thursday,False,False,None,False,30,17
2025-05-23,Queensland,Friday,False,False,None,False,30,18
2025-05-24,Queensland,Saturday,True,False,None,False,30,19
2025-05-25,Queensland,Sunday,True,False,None,False,30,20
2025-05-26,Queensland,Monday,False,False,None,False,30,21
2025-05-27,Queensland,Tuesday,False,False,None,False,30,22
2025-05-28,Queensland,Wednesday,False,False,None,False,30,23
2025-05-29,Queensland,Thursday,False,False,None,False,30,24
2025-05-30,Queensland,Friday,False,False,None,False,30,25
2025-05-31,Queensland,Saturday,True,False,None,False,30,26
2025-06-01,Queensland,Sunday,True,False,None,False,30,27
2025-06-02,Queensland,Monday,False,False,None,False,30,28
2025-06-03,Queensland,Tuesday,False,False,None,False,30,29
2025-06-04,Queensland,Wednesday,False,False,None,False,30,30
2025-06-05,Queensland,Thursday,False,False,None,False,30,30
2025-06-06,Queensland,Friday,False,False,None,False,30,30
2025-06-07,Queensland,Saturday,True,False,None,False,30,30
2025-06-08,Queensland,Sunday,True,False,None,False,30,30
2025-06-09,Queensland,Monday,False,False,None,False,30,30
2025-06-10,Queensland,Tuesday,False,False,None,False,30,30
2025-06-11,Queensland,Wednesday,False,False,None,False,30,30
2025-06-12,Queensland,Thursday,False,False,None,False,30,30
2025-06-13,Queensland,Friday,False,False,None,False,30,30
2025-06-14,Queensland,Saturday,True,False,None,False,30,30
2025-06-15,Queensland,Sunday,True,False,None,False,30,30
2025-06-16,Queensland,Monday,False,False,None,False,30,30
2025-06-17,Queensland,Tuesday,False,False,None,False,30,30
2025-06-18,Queensland,Wednesday,False,False,None,False,30,30
2025-06-19,Queensland,Thursday,False,False,None,False,30,30
2025-06-20,Queensland,Friday,False,False,None,False,30,30
2025-06-21,Queensland,Saturday,True,False,None,False,30,30
2025-06-22,Queensland,Sunday,True,False,None,False,30,30
2025-06-23,Queensland,Monday,False,False,None,False,30,30
2025-06-24,Queensland,Tuesday,False,False,None,False,30,30
2025-06-25,Queensland,Wednesday,False,False,None,False,30,30
2025-06-26,Queensland,Thursday,False,False,None,False,30,30
2025-06-27,Queensland,Friday,False,False,None,False,30,30
2025-06-28,Queensland,Saturday,True,False,None,True,30,30
2025-06-29,Queensland,Sunday,True,False,None,True,30,30
2025-06-30,Queensland,Monday,False,False,None,True,30,30
2025-07-01,Queensland,Tuesday,False,False,None,True,30,30
2025-07-02,Queensland,Wednesday,False,False,None,True,30,30
2025-07-03,Queensland,Thursday,False,False,None,True,30,30
2025-07-04,Queensland,Friday,False,False,None,True,30,30
2025-07-05,Queensland,Saturday,True,False,None,True,30,30
2025-07-06,Queensland,Sunday,True,False,None,True,30,30
2025-07-07,Queensland,Monday,False,False,None,True,30,30
2025-07-08,Queensland,Tuesday,False,False,None,True,30,30
2025-07-09,Queensland,Wednesday,False,False,None,True,30,30
2025-07-10,Queensland,Thursday,False,False,None,True,30,30
2025-07-11,Queensland,Friday,False,False,None,True,30,30
2025-07-12,Queensland,Saturday,True,False,None,True,30,30
2025-07-13,Queensland,Sunday,True,False,None,True,30,30
2025-07-14,Queensland,Monday,False,False,None,True,30,30
2025-07-15,Queensland,Tuesday,False,False,None,False,30,30
2025-07-16,Queensland,Wednesday,False,False,None,False,30,30
2025-07-17,Queensland,Thursday,False,False,None,False,30,30
2025-07-18,Queensland,Friday,False,False,None,False,30,30
2025-07-19,Queensland,Saturday,True,False,None,False,30,30
2025-07-20,Queensland,Sunday,True,False,None,False,30,30
2025-07-21,Queensland,Monday,False,False,None,False,30,30
2025-07-22,Queensland,Tuesday,False,False,None,False,30,30
2025-07-23,Queensland,Wednesday,False,False,None,False,30,30
2025-07-24,Queensland,Thursday,False,False,None,False,30,30
2025-07-25,Queensland,Friday,False,False,None,False,30,30
2025-07-26,Queensland,Saturday,True,False,None,False,30,30
2025-07-27,Queensland,Sunday,True,False,None,False,30,30
2025-07-28,Queensland,Monday,False,False,None,False,30,30
2025-07-29,Queensland,Tuesday,False,False,None,False,30,30
2025-07-30,Queensland,Wednesday,False,False,None,False,30,30
2025-07-31,Queensland,Thursday,False,False,None,False,30,30
2025-08-01,Queensland,Friday,False,False,None,False,30,30
2025-08-02,Queensland,Saturday,True,False,None,False,30,30
2025-08-03,Queensland,Sunday,True,False,None,False,30,30
2025-08-04,Queensland,Monday,False,False,None,False,30,30
2025-08-05,Queensland,Tuesday,False,False,None,False,30,30
2025-08-06,Queensland,Wednesday,False,False,None,False,30,30
2025-08-07,Queensland,Thursday,False,False,None,False,30,30
2025-08-08,Queensland,Friday,False,False,None,False,30,30
2025-08-09,Queensland,Saturday,True,False,None,False,30,30
2025-08-10,Queensland,Sunday,True,False,None,False,30,30
2025-08-11,Queensland,Monday,False,False,None,False,30,30
2025-08-12,Queensland,Tuesday,False,False,None,False,30,30
2025-08-13,Queensland,Wednesday,False,False,None,False,30,30
2025-08-14,Queensland,Thursday,False,False,None,False,30,30
2025-08-15,Queensland,Friday,False,False,None,False,30,30
2025-08-16,Queensland,Saturday,True,False,None,False,30,30
2025-08-17,Queensland,Sunday,True,False,None,False,30,30
2025-08-18,Queensland,Monday,False,False,None,False,30,30
2025-08-19,Queensland,Tuesday,False,False,None,False,30,30
2025-08-20,Queensland,Wednesday,False,False,None,False,30,30
2025-08-21,Queensland,Thursday,False,False,None,False,30,30
2025-08-22,Queensland,Friday,False,False,None,False,30,30
2025-08-23,Queensland,Saturday,True,False,None,False,30,30
2025-08-24,Queensland,Sunday,True,False,None,False,30,30
2025-08-25,Queensland,Monday,False,False,None,False,30,30
2025-08-26,Queensland,Tuesday,False,False,None,False,30,30
2025-08-27,Queensland,Wednesday,False,False,None,False,30,30
2025-08-28,Queensland,Thursday,False,False,None,False,30,30
2025-08-29,Queensland,Friday,False,False,None,False,30,30
2025-08-30,Queensland,Saturday,True,False,None,False,30,30
2025-08-31,Queensland,Sunday,True,False,None,False,30,30
2025-09-01,Queensland,Monday,False,False,None,False,30,30
2025-09-02,Queensland,Tuesday,False,False,None,False,30,30
2025-09-03,Queensland,Wednesday,False,False,None,False,30,30
2025-09-04,Queensland,Thursday,False,False,None,False,30,30
2025-09-05,Queensland,Friday,False,False,None,False,30,30
2025-09-06,Queensland,Saturday,True,False,None,False,30,30
2025-09-07,Queensland,Sunday,True,False,None,False,29,30
2025-09-08,Queensland,Monday,False,False,None,False,28,30
2025-09-09,Queensland,Tuesday,False,False,None,False,27,30
2025-09-10,Queensland,Wednesday,False,False,None,False,26,30
2025-09-11,Queensland,Thursday,False,False,None,False,25,30
2025-09-12,Queensland,Friday,False,False,None,False,24,30
2025-09-13,Queensland,Saturday,True,False,None,False,23,30
2025-09-14,Queensland,Sunday,True,False,None,False,22,30
2025-09-15,Queensland,Monday,False,False,None,False,21,30
2025-09-16,Queensland,Tuesday,False,False,None,False,20,30
2025-09-17,Queensland,Wednesday,False,False,None,False,19,30
2025-09-18,Queensland,Thursday,False,False,None,False,18,30
2025-09-19,Queensland,Friday,False,False,None,False,17,30
2025-09-20,Queensland,Saturday,True,False,None,False,16,30
2025-09-21,Queensland,Sunday,True,False,None,True,15,30
2025-09-22,Queensland,Monday,False,False,None,True,14,30
2025-09-23,Queensland,Tuesday,False,False,None,True,13,30
2025-09-24,Queensland,Wednesday,False,False,None,True,12,30
2025-09-25,Queensland,Thursday,False,False,None,True,11,30
2025-09-26,Queensland,Friday,False,False,None,True,10,30
2025-09-27,Queensland,Saturday,True,False,None,True,9,30
2025-09-28,Queensland,Sunday,True,False,None,True,8,30
2025-09-29,Queensland,Monday,False,False,None,True,7,30
2025-09-30,Queensland,Tuesday,False,False,None,True,6,30
2025-10-01,Queensland,Wednesday,False,False,None,True,5,30
2025-10-02,Queensland,Thursday,False,False,None,True,4,30
2025-10-03,Queensland,Friday,False,False,None,True,3,30
2025-10-04,Queensland,Saturday,True,False,None,True,2,30
2025-10-05,Queensland,Sunday,True,False,None,True,1,30
2025-10-06,Queensland,Monday,False,True,King's Birthday,True,0,0
2025-10-07,Queensland,Tuesday,False,False,None,False,30,1
2025-10-08,Queensland,Wednesday,False,False,None,False,30,2
2025-10-09,Queensland,Thursday,False,False,None,False,30,3
2025-10-10,Queensland,Friday,False,False,None,False,30,4
2025-10-11,Queensland,Saturday,True,False,None,False,30,5
2025-10-12,Queensland,Sunday,True,False,None,False,30,6
2025-10-13,Queensland,Monday,False,False,None,False,30,7
2025-10-14,Queensland,Tuesday,False,False,None,False,30,8
2025-10-15,Queensland,Wednesday,False,False,None,False,30,9
2025-10-16,Queensland,Thursday,False,False,None,False,30,10
2025-10-17,Queensland,Friday,False,False,None,False,30,11
2025-10-18,Queensland,Saturday,True,False,None,False,30,12
2025-10-19,Queensland,Sunday,True,False,None,False,30,13
2025-10-20,Queensland,Monday,False,False,None,False,30,14
2025-10-21,Queensland,Tuesday,False,False,None,False,30,15
2025-10-22,Queensland,Wednesday,False,False,None,False,30,16
2025-10-23,Queensland,Thursday,False,False,None,False,30,17
2025-10-24,Queensland,Friday,False,False,None,False,30,18
2025-10-25,Queensland,Saturday,True,False,None,False,30,19
2025-10-26,Queensland,Sunday,True,False,None,False,30,20
2025-10-27,Queensland,Monday,False,False,None,False,30,21
2025-10-28,Queensland,Tuesday,False,False,None,False,30,22
2025-10-29,Queensland,Wednesday,False,False,None,False,30,23
2025-10-30,Queensland,Thursday,False,False,None,False,30,24
2025-10-31,Queensland,Friday,False,False,None,False,30,25
2025-11-01,Queensland,Saturday,True,False,None,False,30,26
2025-11-02,Queensland,Sunday,True,False,None,False,30,27
2025-11-03,Queensland,Monday,False,False,None,False,30,28
2025-11-04,Queensland,Tuesday,False,False,None,False,30,29
2025-11-05,Queensland,Wednesday,False,False,None,False,30,30
2025-11-06,Queensland,Thursday,False,False,None,False,30,30
2025-11-07,Queensland,Friday,False,False,None,False,30,30
2025-11-08,Queensland,Saturday,True,False,None,False,30,30
2025-11-09,Queensland,Sunday,True,False,None,False,30,30
2025-11-10,Queensland,Monday,False,False,None,False,30,30
2025-11-11,Queensland,Tuesday,False,False,None,False,30,30
2025-11-12,Queensland,Wednesday,False,False,None,False,30,30
2025-11-13,Queensland,Thursday,False,False,None,False,30,30
2025-11-14,Queensland,Friday,False,False,None,False,30,30
2025-11-15,Queensland,Saturday,True,False,None,False,30,30
2025-11-16,Queensland,Sunday,True,False,None,False,30,30
2025-11-17,Queensland,Monday,False,False,None,False,30,30
2025-11-18,Queensland,Tuesday,False,False,None,False,30,30
2025-11-19,Queensland,Wednesday,False,False,None,False,30,30
2025-11-20,Queensland,Thursday,False,False,None,False,30,30
2025-11-21,Queensland,Friday,False,False,None,False,30,30
2025-11-22,Queensland,Saturday,True,False,None,False,30,30
2025-11-23,Queensland,Sunday,True,False,None,False,30,30
2025-11-24,Queensland,Monday,False,False,None,False,30,30
2025-11-25,Queensland,Tuesday,False,False,None,False,30,30
2025-11-26,Queensland,Wednesday,False,False,None,False,29,30
2025-11-27,Queensland,Thursday,False,False,None,False,28,30
2025-11-28,Queensland,Friday,False,False,None,False,27,30
2025-11-29,Queensland,Saturday,True,False,None,False,26,30
2025-11-30,Queensland,Sunday,True,False,None,False,25,30
2025-12-01,Queensland,Monday,False,False,None,False,24,30
2025-12-02,Queensland,Tuesday,False,False,None,False,23,30
2025-12-03,Queensland,Wednesday,False,False,None,False,22,30
2025-12-04,Queensland,Thursday,False,False,None,False,21,30
2025-12-05,Queensland,Friday,False,False,None,False,20,30
2025-12-06,Queensland,Saturday,True,False,None,False,19,30
2025-12-07,Queensland,Sunday,True,False,None,False,18,30
2025-12-08,Queensland,Monday,False,False,None,False,17,30
2025-12-09,Queensland,Tuesday,False,False,None,False,16,30
2025-12-10,Queensland,Wednesday,False,False,None,False,15,30
2025-12-11,Queensland,Thursday,False,False,None,False,14,30
2025-12-12,Queensland,Friday,False,False,None,False,13,30
2025-12-13,Queensland,Saturday,True,False,None,False,12,30
2025-12-14,Queensland,Sunday,True,False,None,False,11,30
2025-12-15,Queensland,Monday,False,False,None,False,10,30
2025-12-16,Queensland,Tuesday,False,False,None,False,9,30
2025-12-17,Queensland,Wednesday,False,False,None,False,8,30
2025-12-18,Queensland,Thursday,False,False,None,True,7,30
2025-12-19,Queensland,Friday,False,False,None,True,6,30
2025-12-20,Queensland,Saturday,True,False,None,True,5,30
2025-12-21,Queensland,Sunday,True,False,None,True,4,30
2025-12-22,Queensland,Monday,False,False,None,True,3,30
2025-12-23,Queensland,Tuesday,False,False,None,True,2,30
2025-12-24,Queensland,Wednesday,False,False,None,True,1,30
2025-12-25,Queensland,Thursday,False,True,Christmas Day,True,0,0
2025-12-26,Queensland,Friday,False,True,Boxing Day,True,0,0
2025-12-27,Queensland,Saturday,True,False,None,True,30,1
2025-12-28,Queensland,Sunday,True,False,None,True,30,2
2025-12-29,Queensland,Monday,False,False,None,True,30,3
2025-12-30,Queensland,Tuesday,False,False,None,True,30,4
2025-12-31,Queensland,Wednesday,False,False,None,True,30,5
2023-01-01,South Australia,Sunday,True,True,New Year's Day,True,0,0
2023-01-02,South Australia,Monday,False,False,None,True,24,1
2023-01-03,South Australia,Tuesday,False,False,None,True,23,2
2023-01-04,South Australia,Wednesday,False,False,None,True,22,3
2023-01-05,South Australia,Thursday,False,False,None,True,21,4
2023-01-06,South Australia,Friday,False,False,None,True,20,5
2023-01-07,South Australia,Saturday,True,False,None,True,19,6
2023-01-08,South Australia,Sunday,True,False,None,True,18,7
2023-01-09,South Australia,Monday,False,False,None,True,17,8
2023-01-10,South Australia,Tuesday,False,False,None,True,16,9
2023-01-11,South Australia,Wednesday,False,False,None,True,15,10
2023-01-12,South Australia,Thursday,False,False,None,True,14,11
2023-01-13,South Australia,Friday,False,False,None,True,13,12
2023-01-14,South Australia,Saturday,True,False,None,True,12,13
2023-01-15,South Australia,Sunday,True,False,None,True,11,14
2023-01-16,South Australia,Monday,False,False,None,True,10,15
2023-01-17,South Australia,Tuesday,False,False,None,True,9,16
2023-01-18,South Australia,Wednesday,False,False,None,True,8,17
2023-01-19,South Australia,Thursday,False,False,None,True,7,18
2023-01-20,South Australia,Friday,False,False,None,True,6,19
2023-01-21,South Australia,Saturday,True,False,None,True,5,20
2023-01-22,South Australia,Sunday,True,False,None,True,4,21
2023-01-23,South Australia,Monday,False,False,None,True,3,22
2023-01-24,South Australia,Tuesday,False,False,None,True,2,23
2023-01-25,South Australia,Wednesday,False,False,None,True,1,24
2023-01-26,South Australia,Thursday,False,True,Australia Day,True,0,0
2023-01-27,South Australia,Friday,False,False,None,True,30,1
2023-01-28,South Australia,Saturday,True,False,None,True,30,2
2023-01-29,South Australia,Sunday,True,False,None,False,30,3
2023-01-30,South Australia,Monday,False,False,None,False,30,4
2023-01-31,South Australia,Tuesday,False,False,None,False,30,5
2023-02-01,South Australia,Wednesday,False,False,None,False,30,6
2023-02-02,South Australia,Thursday,False,False,None,False,30,7
2023-02-03,South Australia,Friday,False,False,None,False,30,8
2023-02-04,South Australia,Saturday,True,False,None,False,30,9
2023-02-05,South Australia,Sunday,True,False,None,False,30,10
2023-02-06,South Australia,Monday,False,False,None,False,30,11
2023-02-07,South Australia,Tuesday,False,False,None,False,30,12
2023-02-08,South Australia,Wednesday,False,False,None,False,30,13
2023-02-09,South Australia,Thursday,False,False,None,False,30,14
2023-02-10,South Australia,Friday,False,False,None,False,30,15
2023-02-11,South Australia,Saturday,True,False,None,False,30,16
2023-02-12,South Australia,Sunday,True,False,None,False,29,17
2023-02-13,South Australia,Monday,False,False,None,False,28,18
2023-02-14,South Australia,Tuesday,False,False,None,False,27,19
2023-02-15,South Australia,Wednesday,False,False,None,False,26,20
2023-02-16,South Australia,Thursday,False,False,None,False,25,21
2023-02-17,South Australia,Friday,False,False,None,False,24,22
2023-02-18,South Australia,Saturday,True,False,None,False,23,23
2023-02-19,South Australia,Sunday,True,False,None,False,22,24
2023-02-20,South Australia,Monday,False,False,None,False,21,25
2023-02-21,South Australia,Tuesday,False,False,None,False,20,26
2023-02-22,South Australia,Wednesday,False,False,None,False,19,27
2023-02-23,South Australia,Thursday,False,False,None,False,18,28
2023-02-24,South Australia,Friday,False,False,None,False,17,29
2023-02-25,South Australia,Saturday,True,False,None,False,16,30
2023-02-26,South Australia,Sunday,True,False,None,False,15,30
2023-02-27,South Australia,Monday,False,False,None,False,14,30
2023-02-28,South Australia,Tuesday,False,False,None,False,13,30
2023-03-01,South Australia,Wednesday,False,False,None,False,12,30
2023-03-02,South Australia,Thursday,False,False,None,False,11,30
2023-03-03,South Australia,Friday,False,False,None,False,10,30
2023-03-04,South Australia,Saturday,True,False,None,False,9,30
2023-03-05,South Australia,Sunday,True,False,None,False,8,30
2023-03-06,South Australia,Monday,False,False,None,False,7,30
2023-03-07,South Australia,Tuesday,False,False,None,False,6,30
2023-03-08,South Australia,Wednesday,False,False,None,False,5,30
2023-03-09,South Australia,Thursday,False,False,None,False,4,30
2023-03-10,South Australia,Friday,False,False,None,False,3,30
2023-03-11,South Australia,Saturday,True,False,None,False,2,30
2023-03-12,South Australia,Sunday,True,False,None,False,1,30
2023-03-13,South Australia,Monday,False,True,Adelaide Cup,False,0,0
2023-03-14,South Australia,Tuesday,False,False,None,False,24,1
2023-03-15,South Australia,Wednesday,False,False,None,False,23,2
2023-03-16,South Australia,Thursday,False,False,None,False,22,3
2023-03-17,South Australia,Friday,False,False,None,False,21,4
2023-03-18,South Australia,Saturday,True,False,None,False,20,5
2023-03-19,South Australia,Sunday,True,False,None,False,19,6
2023-03-20,South Australia,Monday,False,False,None,False,18,7
2023-03-21,South Australia,Tuesday,False,False,None,False,17,8
2023-03-22,South Australia,Wednesday,False,False,None,False,16,9
2023-03-23,South Australia,Thursday,False,False,None,False,15,10
2023-03-24,South Australia,Friday,False,False,None,False,14,11
2023-03-25,South Australia,Saturday,True,False,None,False,13,12
2023-03-26,South Australia,Sunday,True,False,None,False,12,13
2023-03-27,South Australia,Monday,False,False,None,False,11,14
2023-03-28,South Australia,Tuesday,False,False,None,False,10,15
2023-03-29,South Australia,Wednesday,False,False,None,False,9,16
2023-03-30,South Australia,Thursday,False,False,None,False,8,17
2023-03-31,South Australia,Friday,False,False,None,False,7,18
2023-04-01,South Australia,Saturday,True,False,None,False,6,19
2023-04-02,South Australia,Sunday,True,False,None,True,5,20
2023-04-03,South Australia,Monday,False,False,None,True,4,21
2023-04-04,South Australia,Tuesday,False,False,None,True,3,22
2023-04-05,South Australia,Wednesday,False,False,None,True,2,23
2023-04-06,South Australia,Thursday,False,False,None,True,1,24
2023-04-07,South Australia,Friday,False,True,Good Friday,True,0,0
2023-04-08,South Australia,Saturday,True,True,Easter Saturday,True,0,0
2023-04-09,South Australia,Sunday,True,False,None,True,1,1
2023-04-10,South Australia,Monday,False,True,Easter Monday,True,0,0
2023-04-11,South Australia,Tuesday,False,False,None,True,14,1
2023-04-12,South Australia,Wednesday,False,False,None,True,13,2
2023-04-13,South Australia,Thursday,False,False,None,True,12,3
2023-04-14,South Australia,Friday,False,False,None,True,11,4
2023-04-15,South Australia,Saturday,True,False,None,True,10,5
2023-04-16,South Australia,Sunday,True,False,None,True,9,6
2023-04-17,South Australia,Monday,False,False,None,False,8,7
2023-04-18,South Australia,Tuesday,False,False,None,False,7,8
2023-04-19,South Australia,Wednesday,False,False,None,False,6,9
2023-04-20,South Australia,Thursday,False,False,None,False,5,10
2023-04-21,South Australia,Friday,False,False,None,False,4,11
2023-04-22,South Australia,Saturday,True,False,None,False,3,12
2023-04-23,South Australia,Sunday,True,False,None,False,2,13
2023-04-24,South Australia,Monday,False,False,None,False,1,14
2023-04-25,South Australia,Tuesday,False,True,ANZAC Day,False,0,0
2023-04-26,South Australia,Wednesday,False,False,None,False,30,1
2023-04-27,South Australia,Thursday,False,False,None,False,30,2
2023-04-28,South Australia,Friday,False,False,None,False,30,3
2023-04-29,South Australia,Saturday,True,False,None,False,30,4
2023-04-30,South Australia,Sunday,True,False,None,False,30,5
2023-05-01,South Australia,Monday,False,False,None,False,30,6
2023-05-02,South Australia,Tuesday,False,False,None,False,30,7
2023-05-03,South Australia,Wednesday,False,False,None,False,30,8
2023-05-04,South Australia,Thursday,False,False,None,False,30,9
2023-05-05,South Australia,Friday,False,False,None,False,30,10
2023-05-06,South Australia,Saturday,True,False,None,False,30,11
2023-05-07,South Australia,Sunday,True,False,None,False,30,12
2023-05-08,South Australia,Monday,False,False,None,False,30,13
2023-05-09,South Australia,Tuesday,False,False,None,False,30,14
2023-05-10,South Australia,Wednesday,False,False,None,False,30,15
2023-05-11,South Australia,Thursday,False,False,None,False,30,16
2023-05-12,South Australia,Friday,False,False,None,False,30,17
2023-05-13,South Australia,Saturday,True,False,None,False,30,18
2023-05-14,South Australia,Sunday,True,False,None,False,29,19
2023-05-15,South Australia,Monday,False,False,None,False,28,20
2023-05-16,South Australia,Tuesday,False,False,None,False,27,21
2023-05-17,South Australia,Wednesday,False,False,None,False,26,22
2023-05-18,South Australia,Thursday,False,False,None,False,25,23
2023-05-19,South Australia,Friday,False,False,None,False,24,24
2023-05-20,South Australia,Saturday,True,False,None,False,23,25
2023-05-21,South Australia,Sunday,True,False,None,False,22,26
2023-05-22,South Australia,Monday,False,False,None,False,21,27
2023-05-23,South Australia,Tuesday,False,False,None,False,20,28
2023-05-24,South Australia,Wednesday,False,False,None,False,19,29
2023-05-25,South Australia,Thursday,False,False,None,False,18,30
2023-05-26,South Australia,Friday,False,False,None,False,17,30
2023-05-27,South Australia,Saturday,True,False,None,False,16,30
2023-05-28,South Australia,Sunday,True,False,None,False,15,30
2023-05-29,South Australia,Monday,False,False,None,False,14,30
2023-05-30,South Australia,Tuesday,False,False,None,False,13,30
2023-05-31,South Australia,Wednesday,False,False,None,False,12,30
2023-06-01,South Australia,Thursday,False,False,None,False,11,30
2023-06-02,South Australia,Friday,False,False,None,False,10,30
2023-06-03,South Australia,Saturday,True,False,None,False,9,30
2023-06-04,South Australia,Sunday,True,False,None,False,8,30
2023-06-05,South Australia,Monday,False,False,None,False,7,30
2023-06-06,South Australia,Tuesday,False,False,None,False,6,30
2023-06-07,South Australia,Wednesday,False,False,None,False,5,30
2023-06-08,South Australia,Thursday,False,False,None,False,4,30
2023-06-09,South Australia,Friday,False,False,None,False,3,30
2023-06-10,South Australia,Saturday,True,False,None,False,2,30
2023-06-11,South Australia,Sunday,True,False,None,False,1,30
2023-06-12,South Australia,Monday,False,True,King's Birthday,False,0,0
2023-06-13,South Australia,Tuesday,False,False,None,False,30,1
2023-06-14,South Australia,Wednesday,False,False,None,False,30,2
2023-06-15,South Australia,Thursday,False,False,None,False,30,3
2023-06-16,South Australia,Friday,False,False,None,False,30,4
2023-06-17,South Australia,Saturday,True,False,None,False,30,5
2023-06-18,South Australia,Sunday,True,False,None,False,30,6
2023-06-19,South Australia,Monday,False,False,None,False,30,7
2023-06-20,South Australia,Tuesday,False,False,None,False,30,8
2023-06-21,South Australia,Wednesday,False,False,None,False,30,9
2023-06-22,South Australia,Thursday,False,False,None,False,30,10
2023-06-23,South Australia,Friday,False,False,None,False,30,11
2023-06-24,South Australia,Saturday,True,False,None,False,30,12
2023-06-25,South Australia,Sunday,True,False,None,False,30,13
2023-06-26,South Australia,Monday,False,False,None,False,30,14
2023-06-27,South Australia,Tuesday,False,False,None,False,30,15
2023-06-28,South Australia,Wednesday,False,False,None,True,30,16
2023-06-29,South Australia,Thursday,False,False,None,True,30,17
2023-06-30,South Australia,Friday,False,False,None,True,30,18
2023-07-01,South Australia,Saturday,True,False,None,True,30,19
2023-07-02,South Australia,Sunday,True,False,None,True,30,20
2023-07-03,South Australia,Monday,False,False,None,True,30,21
2023-07-04,South Australia,Tuesday,False,False,None,True,30,22
2023-07-05,South Australia,Wednesday,False,False,None,True,30,23
2023-07-06,South Australia,Thursday,False,False,None,True,30,24
2023-07-07,South Australia,Friday,False,False,None,True,30,25
2023-07-08,South Australia,Saturday,True,False,None,True,30,26
2023-07-09,South Australia,Sunday,True,False,None,True,30,27
2023-07-10,South Australia,Monday,False,False,None,True,30,28
2023-07-11,South Australia,Tuesday,False,False,None,True,30,29
2023-07-12,South Australia,Wednesday,False,False,None,True,30,30
2023-07-13,South Australia,Thursday,False,False,None,True,30,30
2023-07-14,South Australia,Friday,False,False,None,True,30,30
2023-07-15,South Australia,Saturday,True,False,None,False,30,30
2023-07-16,South Australia,Sunday,True,False,None,False,30,30
2023-07-17,South Australia,Monday,False,False,None,False,30,30
2023-07-18,South Australia,Tuesday,False,False,None,False,30,30
2023-07-19,South Australia,Wednesday,False,False,None,False,30,30
2023-07-20,South Australia,Thursday,False,False,None,False,30,30
2023-07-21,South Australia,Friday,False,False,None,False,30,30
2023-07-22,South Australia,Saturday,True,False,None,False,30,30
2023-07-23,South Australia,Sunday,True,False,None,False,30,30
2023-07-24,South Australia,Monday,False,False,None,False,30,30
2023-07-25,South Australia,Tuesday,False,False,None,False,30,30
2023-07-26,South Australia,Wednesday,False,False,None,False,30,30
2023-07-27,South Australia,Thursday,False,False,None,False,30,30
2023-07-28,South Australia,Friday,False,False,None,False,30,30
2023-07-29,South Australia,Saturday,True,False,None,False,30,30
2023-07-30,South Australia,Sunday,True,False,None,False,30,30
2023-07-31,South Australia,Monday,False,False,None,False,30,30
2023-08-01,South Australia,Tuesday,False,False,None,False,30,30
2023-08-02,South Australia,Wednesday,False,False,None,False,30,30
2023-08-03,South Australia,Thursday,False,False,None,False,30,30
2023-08-04,South Australia,Friday,False,False,None,False,30,30
2023-08-05,South Australia,Saturday,True,False,None,False,30,30
2023-08-06,South Australia,Sunday,True,False,None,False,30,30
2023-08-07,South Australia,Monday,False,False,None,False,30,30
2023-08-08,South Australia,Tuesday,False,False,None,False,30,30
2023-08-09,South Australia,Wednesday,False,False,None,False,30,30
2023-08-10,South Australia,Thursday,False,False,None,False,30,30
2023-08-11,South Australia,Friday,False,False,None,False,30,30
2023-08-12,South Australia,Saturday,True,False,None,False,30,30
2023-08-13,South Australia,Sunday,True,False,None,False,30,30
2023-08-14,South Australia,Monday,False,False,None,False,30,30
2023-08-15,South Australia,Tuesday,False,False,None,False,30,30
2023-08-16,South Australia,Wednesday,False,False,None,False,30,30
2023-08-17,South Australia,Thursday,False,False,None,False,30,30
2023-08-18,South Australia,Friday,False,False,None,False,30,30
2023-08-19,South Australia,Saturday,True,False,None,False,30,30
2023-08-20,South Australia,Sunday,True,False,None,False,30,30
2023-08-21,South Australia,Monday,False,False,None,False,30,30
2023-08-22,South Australia,Tuesday,False,False,None,False,30,30
2023-08-23,South Australia,Wednesday,False,False,None,False,30,30
2023-08-24,South Australia,Thursday,False,False,None,False,30,30
2023-08-25,South Australia,Friday,False,False,None,False,30,30
2023-08-26,South Australia,Saturday,True,False,None,False,30,30
2023-08-27,South Australia,Sunday,True,False,None,False,30,30
2023-08-28,South Australia,Monday,False,False,None,False,30,30
2023-08-29,South Australia,Tuesday,False,False,None,False,30,30
2023-08-30,South Australia,Wednesday,False,False,None,False,30,30
2023-08-31,South Australia,Thursday,False,False,None,False,30,30
2023-09-01,South Australia,Friday,False,False,None,False,30,30
2023-09-02,South Australia,Saturday,True,False,None,False,30,30
2023-09-03,South Australia,Sunday,True,False,None,False,29,30
2023-09-04,South Australia,Monday,False,False,None,False,28,30
2023-09-05,South Australia,Tuesday,False,False,None,False,27,30
2023-09-06,South Australia,Wednesday,False,False,None,False,26,30
2023-09-07,South Australia,Thursday,False,False,None,False,25,30
2023-09-08,South Australia,Friday,False,False,None,False,24,30
2023-09-09,South Australia,Saturday,True,False,None,False,23,30
2023-09-10,South Australia,Sunday,True,False,None,False,22,30
2023-09-11,South Australia,Monday,False,False,None,False,21,30
2023-09-12,South Australia,Tuesday,False,False,None,False,20,30
2023-09-13,South Australia,Wednesday,False,False,None,False,19,30
2023-09-14,South Australia,Thursday,False,False,None,False,18,30
2023-09-15,South Australia,Friday,False,False,None,False,17,30
2023-09-16,South Australia,Saturday,True,False,None,False,16,30
2023-09-17,South Australia,Sunday,True,False,None,False,15,30
2023-09-18,South Australia,Monday,False,False,None,False,14,30
2023-09-19,South Australia,Tuesday,False,False,None,False,13,30
2023-09-20,South Australia,Wednesday,False,False,None,False,12,30
2023-09-21,South Australia,Thursday,False,False,None,True,11,30
2023-09-22,South Australia,Friday,False,False,None,True,10,30
2023-09-23,South Australia,Saturday,True,False,None,True,9,30
2023-09-24,South Australia,Sunday,True,False,None,True,8,30
2023-09-25,South Australia,Monday,False,False,None,True,7,30
2023-09-26,South Australia,Tuesday,False,False,None,True,6,30
2023-09-27,South Australia,Wednesday,False,False,None,True,5,30
2023-09-28,South Australia,Thursday,False,False,None,True,4,30
2023-09-29,South Australia,Friday,False,False,None,True,3,30
2023-09-30,South Australia,Saturday,True,False,None,True,2,30
2023-10-01,South Australia,Sunday,True,False,None,True,1,30
2023-10-02,South Australia,Monday,False,True,Labour Day,True,0,0
2023-10-03,South Australia,Tuesday,False,False,None,True,30,1
2023-10-04,South Australia,Wednesday,False,False,None,True,30,2
2023-10-05,South Australia,Thursday,False,False,None,True,30,3
2023-10-06,South Australia,Friday,False,False,None,True,30,4
2023-10-07,South Australia,Saturday,True,False,None,False,30,5
2023-10-08,South Australia,Sunday,True,False,None,False,30,6
2023-10-09,South Australia,Monday,False,False,None,False,30,7
2023-10-10,South Australia,Tuesday,False,False,None,False,30,8
2023-10-11,South Australia,Wednesday,False,False,None,False,30,9
2023-10-12,South Australia,Thursday,False,False,None,False,30,10
2023-10-13,South Australia,Friday,False,False,None,False,30,11
2023-10-14,South Australia,Saturday,True,False,None,False,30,12
2023-10-15,South Australia,Sunday,True,False,None,False,30,13
2023-10-16,South Australia,Monday,False,False,None,False,30,14
2023-10-17,South Australia,Tuesday,False,False,None,False,30,15
2023-10-18,South Australia,Wednesday,False,False,None,False,30,16
2023-10-19,South Australia,Thursday,False,False,None,False,30,17
2023-10-20,South Australia,Friday,False,False,None,False,30,18
2023-10-21,South Australia,Saturday,True,False,None,False,30,19
2023-10-22,South Australia,Sunday,True,False,None,False,30,20
2023-10-23,South Australia,Monday,False,False,None,False,30,21
2023-10-24,South Australia,Tuesday,False,False,None,False,30,22
2023-10-25,South Australia,Wednesday,False,False,None,False,30,23
2023-10-26,South Australia,Thursday,False,False,None,False,30,24
2023-10-27,South Australia,Friday,False,False,None,False,30,25
2023-10-28,South Australia,Saturday,True,False,None,False,30,26
2023-10-29,South Australia,Sunday,True,False,None,False,30,27
2023-10-30,South Australia,Monday,False,False,None,False,30,28
2023-10-31,South Australia,Tuesday,False,False,None,False,30,29
2023-11-01,South Australia,Wednesday,False,False,None,False,30,30
2023-11-02,South Australia,Thursday,False,False,None,False,30,30
2023-11-03,South Australia,Friday,False,False,None,False,30,30
2023-11-04,South Australia,Saturday,True,False,None,False,30,30
2023-11-05,South Australia,Sunday,True,False,None,False,30,30
2023-11-06,South Australia,Monday,False,False,None,False,30,30
2023-11-07,South Australia,Tuesday,False,False,None,False,30,30
2023-11-08,South Australia,Wednesday,False,False,None,False,30,30
2023-11-09,South Australia,Thursday,False,False,None,False,30,30
2023-11-10,South Australia,Friday,False,False,None,False,30,30
2023-11-11,South Australia,Saturday,True,False,None,False,30,30
2023-11-12,South Australia,Sunday,True,False,None,False,30,30
2023-11-13,South Australia,Monday,False,False,None,False,30,30
2023-11-14,South Australia,Tuesday,False,False,None,False,30,30
2023-11-15,South Australia,Wednesday,False,False,None,False,30,30
2023-11-16,South Australia,Thursday,False,False,None,False,30,30
2023-11-17,South Australia,Friday,False,False,None,False,30,30
2023-11-18,South Australia,Saturday,True,False,None,False,30,30
2023-11-19,South Australia,Sunday,True,False,None,False,30,30
2023-11-20,South Australia,Monday,False,False,None,False,30,30
2023-11-21,South Australia,Tuesday,False,False,None,False,30,30
2023-11-22,South Australia,Wednesday,False,False,None,False,30,30
2023-11-23,South Australia,Thursday,False,False,None,False,30,30
2023-11-24,South Australia,Friday,False,False,None,False,30,30
2023-11-25,South Australia,Saturday,True,False,None,False,30,30
2023-11-26,South Australia,Sunday,True,False,None,False,29,30
2023-11-27,South Australia,Monday,False,False,None,False,28,30
2023-11-28,South Australia,Tuesday,False,False,None,False,27,30
2023-11-29,South Australia,Wednesday,False,False,None,False,26,30
2023-11-30,South Australia,Thursday,False,False,None,False,25,30
2023-12-01,South Australia,Friday,False,False,None,False,24,30
2023-12-02,South Australia,Saturday,True,False,None,False,23,30
2023-12-03,South Australia,Sunday,True,False,None,False,22,30
2023-12-04,South Australia,Monday,False,False,None,False,21,30
2023-12-05,South Australia,Tuesday,False,False,None,False,20,30
2023-12-06,South Australia,Wednesday,False,False,None,False,19,30
2023-12-07,South Australia,Thursday,False,False,None,False,18,30
2023-12-08,South Australia,Friday,False,False,None,False,17,30
2023-12-09,South Australia,Saturday,True,False,None,False,16,30
2023-12-10,South Australia,Sunday,True,False,None,False,15,30
2023-12-11,South Australia,Monday,False,False,None,False,14,30
2023-12-12,South Australia,Tuesday,False,False,None,False,13,30
2023-12-13,South Australia,Wednesday,False,False,None,False,12,30
2023-12-14,South Australia,Thursday,False,False,None,False,11,30
2023-12-15,South Australia,Friday,False,False,None,False,10,30
2023-12-16,South Australia,Saturday,True,False,None,False,9,30
2023-12-17,South Australia,Sunday,True,False,None,False,8,30
2023-12-18,South Australia,Monday,False,False,None,True,7,30
2023-12-19,South Australia,Tuesday,False,False,None,True,6,30
2023-12-20,South Australia,Wednesday,False,False,None,True,5,30
2023-12-21,South Australia,Thursday,False,False,None,True,4,30
2023-12-22,South Australia,Friday,False,False,None,True,3,30
2023-12-23,South Australia,Saturday,True,False,None,True,2,30
2023-12-24,South Australia,Sunday,True,False,None,True,1,30
2023-12-25,South Australia,Monday,False,True,Christmas Day,True,0,0
2023-12-26,South Australia,Tuesday,False,True,Boxing Day,True,0,0
2023-12-27,South Australia,Wednesday,False,False,None,True,5,1
2023-12-28,South Australia,Thursday,False,False,None,True,4,2
2023-12-29,South Australia,Friday,False,False,None,True,3,3
2023-12-30,South Australia,Saturday,True,False,None,True,2,4
2023-12-31,South Australia,Sunday,True,False,None,True,1,5
2024-01-01,South Australia,Monday,False,True,New Year's Day,True,0,0
2024-01-02,South Australia,Tuesday,False,False,None,True,24,1
2024-01-03,South Australia,Wednesday,False,False,None,True,23,2
2024-01-04,South Australia,Thursday,False,False,None,True,22,3
2024-01-05,South Australia,Friday,False,False,None,True,21,4
2024-01-06,South Australia,Saturday,True,False,None,True,20,5
2024-01-07,South Australia,Sunday,True,False,None,True,19,6
2024-01-08,South Australia,Monday,False,False,None,True,18,7
2024-01-09,South Australia,Tuesday,False,False,None,True,17,8
2024-01-10,South Australia,Wednesday,False,False,None,True,16,9
2024-01-11,South Australia,Thursday,False,False,None,True,15,10
2024-01-12,South Australia,Friday,False,False,None,True,14,11
2024-01-13,South Australia,Saturday,True,False,None,True,13,12
2024-01-14,South Australia,Sunday,True,False,None,True,12,13
2024-01-15,South Australia,Monday,False,False,None,True,11,14
2024-01-16,South Australia,Tuesday,False,False,None,True,10,15
2024-01-17,South Australia,Wednesday,False,False,None,True,9,16
2024-01-18,South Australia,Thursday,False,False,None,True,8,17
2024-01-19,South Australia,Friday,False,False,None,True,7,18
2024-01-20,South Australia,Saturday,True,False,None,True,6,19
2024-01-21,South Australia,Sunday,True,False,None,True,5,20
2024-01-22,South Australia,Monday,False,False,None,True,4,21
2024-01-23,South Australia,Tuesday,False,False,None,True,3,22
2024-01-24,South Australia,Wednesday,False,False,None,True,2,23
2024-01-25,South Australia,Thursday,False,False,None,True,1,24
2024-01-26,South Australia,Friday,False,True,Australia Day,True,0,0
2024-01-27,South Australia,Saturday,True,False,None,True,30,1
2024-01-28,South Australia,Sunday,True,False,None,True,30,2
2024-01-29,South Australia,Monday,False,False,None,False,30,3
2024-01-30,South Australia,Tuesday,False,False,None,False,30,4
2024-01-31,South Australia,Wednesday,False,False,None,False,30,5
2024-02-01,South Australia,Thursday,False,False,None,False,30,6
2024-02-02,South Australia,Friday,False,False,None,False,30,7
2024-02-03,South Australia,Saturday,True,False,None,False,30,8
2024-02-04,South Australia,Sunday,True,False,None,False,30,9
2024-02-05,South Australia,Monday,False,False,None,False,30,10
2024-02-06,South Australia,Tuesday,False,False,None,False,30,11
2024-02-07,South Australia,Wednesday,False,False,None,False,30,12
2024-02-08,South Australia,Thursday,False,False,None,False,30,13
2024-02-09,South Australia,Friday,False,False,None,False,30,14
2024-02-10,South Australia,Saturday,True,False,None,False,30,15
2024-02-11,South Australia,Sunday,True,False,None,False,29,16
2024-02-12,South Australia,Monday,False,False,None,False,28,17
2024-02-13,South Australia,Tuesday,False,False,None,False,27,18
2024-02-14,South Australia,Wednesday,False,False,None,False,26,19
2024-02-15,South Australia,Thursday,False,False,None,False,25,20
2024-02-16,South Australia,Friday,False,False,None,False,24,21
2024-02-17,South Australia,Saturday,True,False,None,False,23,22
2024-02-18,South Australia,Sunday,True,False,None,False,22,23
2024-02-19,South Australia,Monday,False,False,None,False,21,24
2024-02-20,South Australia,Tuesday,False,False,None,False,20,25
2024-02-21,South Australia,Wednesday,False,False,None,False,19,26
2024-02-22,South Australia,Thursday,False,False,None,False,18,27
2024-02-23,South Australia,Friday,False,False,None,False,17,28
2024-02-24,South Australia,Saturday,True,False,None,False,16,29
2024-02-25,South Australia,Sunday,True,False,None,False,15,30
2024-02-26,South Australia,Monday,False,False,None,False,14,30
2024-02-27,South Australia,Tuesday,False,False,None,False,13,30
2024-02-28,South Australia,Wednesday,False,False,None,False,12,30
2024-02-29,South Australia,Thursday,False,False,None,False,11,30
2024-03-01,South Australia,Friday,False,False,None,False,10,30
2024-03-02,South Australia,Saturday,True,False,None,False,9,30
2024-03-03,South Australia,Sunday,True,False,None,False,8,30
2024-03-04,South Australia,Monday,False,False,None,False,7,30
2024-03-05,South Australia,Tuesday,False,False,None,False,6,30
2024-03-06,South Australia,Wednesday,False,False,None,False,5,30
2024-03-07,South Australia,Thursday,False,False,None,False,4,30
2024-03-08,South Australia,Friday,False,False,None,False,3,30
2024-03-09,South Australia,Saturday,True,False,None,False,2,30
2024-03-10,South Australia,Sunday,True,False,None,False,1,30
2024-03-11,South Australia,Monday,False,True,Adelaide Cup,False,0,0
2024-03-12,South Australia,Tuesday,False,False,None,False,17,1
2024-03-13,South Australia,Wednesday,False,False,None,False,16,2
2024-03-14,South Australia,Thursday,False,False,None,False,15,3
2024-03-15,South Australia,Friday,False,False,None,False,14,4
2024-03-16,South Australia,Saturday,True,False,None,False,13,5
2024-03-17,South Australia,Sunday,True,False,None,False,12,6
2024-03-18,South Australia,Monday,False,False,None,False,11,7
2024-03-19,South Australia,Tuesday,False,False,None,False,10,8
2024-03-20,South Australia,Wednesday,False,False,None,False,9,9
2024-03-21,South Australia,Thursday,False,False,None,False,8,10
2024-03-22,South Australia,Friday,False,False,None,False,7,11
2024-03-23,South Australia,Saturday,True,False,None,False,6,12
2024-03-24,South Australia,Sunday,True,False,None,True,5,13
2024-03-25,South Australia,Monday,False,False,None,True,4,14
2024-03-26,South Australia,Tuesday,False,False,None,True,3,15
2024-03-27,South Australia,Wednesday,False,False,None,True,2,16
2024-03-28,South Australia,Thursday,False,False,None,True,1,17
2024-03-29,South Australia,Friday,False,True,Good Friday,True,0,0
2024-03-30,South Australia,Saturday,True,True,Easter Saturday,True,0,0
2024-03-31,South Australia,Sunday,True,False,None,True,1,1
2024-04-01,South Australia,Monday,False,True,Easter Monday,True,0,0
2024-04-02,South Australia,Tuesday,False,False,None,True,23,1
2024-04-03,South Australia,Wednesday,False,False,None,True,22,2
2024-04-04,South Australia,Thursday,False,False,None,True,21,3
2024-04-05,South Australia,Friday,False,False,None,True,20,4
2024-04-06,South Australia,Saturday,True,False,None,True,19,5
2024-04-07,South Australia,Sunday,True,False,None,True,18,6
2024-04-08,South Australia,Monday,False,False,None,False,17,7
2024-04-09,South Australia,Tuesday,False,False,None,False,16,8
2024-04-10,South Australia,Wednesday,False,False,None,False,15,9
2024-04-11,South Australia,Thursday,False,False,None,False,14,10
2024-04-12,South Australia,Friday,False,False,None,False,13,11
2024-04-13,South Australia,Saturday,True,False,None,False,12,12
2024-04-14,South Australia,Sunday,True,False,None,False,11,13
2024-04-15,South Australia,Monday,False,False,None,False,10,14
2024-04-16,South Australia,Tuesday,False,False,None,False,9,15
2024-04-17,South Australia,Wednesday,False,False,None,False,8,16
2024-04-18,South Australia,Thursday,False,False,None,False,7,17
2024-04-19,South Australia,Friday,False,False,None,False,6,18
2024-04-20,South Australia,Saturday,True,False,None,False,5,19
2024-04-21,South Australia,Sunday,True,False,None,False,4,20
2024-04-22,South Australia,Monday,False,False,None,False,3,21
2024-04-23,South Australia,Tuesday,False,False,None,False,2,22
2024-04-24,South Australia,Wednesday,False,False,None,False,1,23
2024-04-25,South Australia,Thursday,False,True,ANZAC Day,False,0,0
2024-04-26,South Australia,Friday,False,False,None,False,30,1
2024-04-27,South Australia,Saturday,True,False,None,False,30,2
2024-04-28,South Australia,Sunday,True,False,None,False,30,3
2024-04-29,South Australia,Monday,False,False,None,False,30,4
2024-04-30,South Australia,Tuesday,False,False,None,False,30,5
2024-05-01,South Australia,Wednesday,False,False,None,False,30,6
2024-05-02,South Australia,Thursday,False,False,None,False,30,7
2024-05-03,South Australia,Friday,False,False,None,False,30,8
2024-05-04,South Australia,Saturday,True,False,None,False,30,9
2024-05-05,South Australia,Sunday,True,False,None,False,30,10
2024-05-06,South Australia,Monday,False,False,None,False,30,11
2024-05-07,South Australia,Tuesday,False,False,None,False,30,12
2024-05-08,South Australia,Wednesday,False,False,None,False,30,13
2024-05-09,South Australia,Thursday,False,False,None,False,30,14
2024-05-10,South Australia,Friday,False,False,None,False,30,15
2024-05-11,South Australia,Saturday,True,False,None,False,30,16
2024-05-12,South Australia,Sunday,True,False,None,False,29,17
2024-05-13,South Australia,Monday,False,False,None,False,28,18
2024-05-14,South Australia,Tuesday,False,False,None,False,27,19
2024-05-15,South Australia,Wednesday,False,False,None,False,26,20
2024-05-16,South Australia,Thursday,False,False,None,False,25,21
2024-05-17,South Australia,Friday,False,False,None,False,24,22
2024-05-18,South Australia,Saturday,True,False,None,False,23,23
2024-05-19,South Australia,Sunday,True,False,None,False,22,24
2024-05-20,South Australia,Monday,False,False,None,False,21,25
2024-05-21,South Australia,Tuesday,False,False,None,False,20,26
2024-05-22,South Australia,Wednesday,False,False,None,False,19,27
2024-05-23,South Australia,Thursday,False,False,None,False,18,28
2024-05-24,South Australia,Friday,False,False,None,False,17,29
2024-05-25,South Australia,Saturday,True,False,None,False,16,30
2024-05-26,South Australia,Sunday,True,False,None,False,15,30
2024-05-27,South Australia,Monday,False,False,None,False,14,30
2024-05-28,South Australia,Tuesday,False,False,None,False,13,30
2024-05-29,South Australia,Wednesday,False,False,None,False,12,30
2024-05-30,South Australia,Thursday,False,False,None,False,11,30
2024-05-31,South Australia,Friday,False,False,None,False,10,30
2024-06-01,South Australia,Saturday,True,False,None,False,9,30
2024-06-02,South Australia,Sunday,True,False,None,False,8,30
2024-06-03,South Australia,Monday,False,False,None,False,7,30
2024-06-04,South Australia,Tuesday,False,False,None,False,6,30
2024-06-05,South Australia,Wednesday,False,False,None,False,5,30
2024-06-06,South Australia,Thursday,False,False,None,False,4,30
2024-06-07,South Australia,Friday,False,False,None,False,3,30
2024-06-08,South Australia,Saturday,True,False,None,False,2,30
2024-06-09,South Australia,Sunday,True,False,None,False,1,30
2024-06-10,South Australia,Monday,False,True,King's Birthday,False,0,0
2024-06-11,South Australia,Tuesday,False,False,None,False,30,1
2024-06-12,South Australia,Wednesday,False,False,None,False,30,2
2024-06-13,South Australia,Thursday,False,False,None,False,30,3
2024-06-14,South Australia,Friday,False,False,None,False,30,4
2024-06-15,South Australia,Saturday,True,False,None,False,30,5
2024-06-16,South Australia,Sunday,True,False,None,False,30,6
2024-06-17,South Australia,Monday,False,False,None,False,30,7
2024-06-18,South Australia,Tuesday,False,False,None,False,30,8
2024-06-19,South Australia,Wednesday,False,False,None,False,30,9
2024-06-20,South Australia,Thursday,False,False,None,False,30,10
2024-06-21,South Australia,Friday,False,False,None,False,30,11
2024-06-22,South Australia,Saturday,True,False,None,False,30,12
2024-06-23,South Australia,Sunday,True,False,None,False,30,13
2024-06-24,South Australia,Monday,False,False,None,False,30,14
2024-06-25,South Australia,Tuesday,False,False,None,False,30,15
2024-06-26,South Australia,Wednesday,False,False,None,False,30,16
2024-06-27,South Australia,Thursday,False,False,None,False,30,17
2024-06-28,South Australia,Friday,False,False,None,True,30,18
2024-06-29,South Australia,Saturday,True,False,None,True,30,19
2024-06-30,South Australia,Sunday,True,False,None,True,30,20
2024-07-01,South Australia,Monday,False,False,None,True,30,21
2024-07-02,South Australia,Tuesday,False,False,None,True,30,22
2024-07-03,South Australia,Wednesday,False,False,None,True,30,23
2024-07-04,South Australia,Thursday,False,False,None,True,30,24
2024-07-05,South Australia,Friday,False,False,None,True,30,25
2024-07-06,South Australia,Saturday,True,False,None,True,30,26
2024-07-07,South Australia,Sunday,True,False,None,True,30,27
2024-07-08,South Australia,Monday,False,False,None,True,30,28
2024-07-09,South Australia,Tuesday,False,False,None,True,30,29
2024-07-10,South Australia,Wednesday,False,False,None,True,30,30
2024-07-11,South Australia,Thursday,False,False,None,True,30,30
2024-07-12,South Australia,Friday,False,False,None,True,30,30
2024-07-13,South Australia,Saturday,True,False,None,True,30,30
2024-07-14,South Australia,Sunday,True,False,None,True,30,30
2024-07-15,South Australia,Monday,False,False,None,False,30,30
2024-07-16,South Australia,Tuesday,False,False,None,False,30,30
2024-07-17,South Australia,Wednesday,False,False,None,False,30,30
2024-07-18,South Australia,Thursday,False,False,None,False,30,30
2024-07-19,South Australia,Friday,False,False,None,False,30,30
2024-07-20,South Australia,Saturday,True,False,None,False,30,30
2024-07-21,South Australia,Sunday,True,False,None,False,30,30
2024-07-22,South Australia,Monday,False,False,None,False,30,30
2024-07-23,South Australia,Tuesday,False,False,None,False,30,30
2024-07-24,South Australia,Wednesday,False,False,None,False,30,30
2024-07-25,South Australia,Thursday,False,False,None,False,30,30
2024-07-26,South Australia,Friday,False,False,None,False,30,30
2024-07-27,South Australia,Saturday,True,False,None,False,30,30
2024-07-28,South Australia,Sunday,True,False,None,False,30,30
2024-07-29,South Australia,Monday,False,False,None,False,30,30
2024-07-30,South Australia,Tuesday,False,False,None,False,30,30
2024-07-31,South Australia,Wednesday,False,False,None,False,30,30
2024-08-01,South Australia,Thursday,False,False,None,False,30,30
2024-08-02,South Australia,Friday,False,False,None,False,30,30
2024-08-03,South Australia,Saturday,True,False,None,False,30,30
2024-08-04,South Australia,Sunday,True,False,None,False,30,30
2024-08-05,South Australia,Monday,False,False,None,False,30,30
2024-08-06,South Australia,Tuesday,False,False,None,False,30,30
2024-08-07,South Australia,Wednesday,False,False,None,False,30,30
2024-08-08,South Australia,Thursday,False,False,None,False,30,30
2024-08-09,South Australia,Friday,False,False,None,False,30,30
2024-08-10,South Australia,Saturday,True,False,None,False,30,30
2024-08-11,South Australia,Sunday,True,False,None,False,30,30
2024-08-12,South Australia,Monday,False,False,None,False,30,30
2024-08-13,South Australia,Tuesday,False,False,None,False,30,30
2024-08-14,South Australia,Wednesday,False,False,None,False,30,30
2024-08-15,South Australia,Thursday,False,False,None,False,30,30
2024-08-16,South Australia,Friday,False,False,None,False,30,30
2024-08-17,South Australia,Saturday,True,False,None,False,30,30
2024-08-18,South Australia,Sunday,True,False,None,False,30,30
2024-08-19,South Australia,Monday,False,False,None,False,30,30
2024-08-20,South Australia,Tuesday,False,False,None,False,30,30
2024-08-21,South Australia,Wednesday,False,False,None,False,30,30
2024-08-22,South Australia,Thursday,False,False,None,False,30,30
2024-08-23,South Australia,Friday,False,False,None,False,30,30
2024-08-24,South Australia,Saturday,True,False,None,False,30,30
2024-08-25,South Australia,Sunday,True,False,None,False,30,30
2024-08-26,South Australia,Monday,False,False,None,False,30,30
2024-08-27,South Australia,Tuesday,False,False,None,False,30,30
2024-08-28,South Australia,Wednesday,False,False,None,False,30,30
2024-08-29,South Australia,Thursday,False,False,None,False,30,30
2024-08-30,South Australia,Friday,False,False,None,False,30,30
2024-08-31,South Australia,Saturday,True,False,None,False,30,30
2024-09-01,South Australia,Sunday,True,False,None,False,30,30
2024-09-02,South Australia,Monday,False,False,None,False,30,30
2024-09-03,South Australia,Tuesday,False,False,None,False,30,30
2024-09-04,South Australia,Wednesday,False,False,None,False,30,30
2024-09-05,South Australia,Thursday,False,False,None,False,30,30
2024-09-06,South Australia,Friday,False,False,None,False,30,30
2024-09-07,South Australia,Saturday,True,False,None,False,30,30
2024-09-08,South Australia,Sunday,True,False,None,False,29,30
2024-09-09,South Australia,Monday,False,False,None,False,28,30
2024-09-10,South Australia,Tuesday,False,False,None,False,27,30
2024-09-11,South Australia,Wednesday,False,False,None,False,26,30
2024-09-12,South Australia,Thursday,False,False,None,False,25,30
2024-09-13,South Australia,Friday,False,False,None,False,24,30
2024-09-14,South Australia,Saturday,True,False,None,False,23,30
2024-09-15,South Australia,Sunday,True,False,None,False,22,30
2024-09-16,South Australia,Monday,False,False,None,False,21,30
2024-09-17,South Australia,Tuesday,False,False,None,False,20,30
2024-09-18,South Australia,Wednesday,False,False,None,False,19,30
2024-09-19,South Australia,Thursday,False,False,None,False,18,30
2024-09-20,South Australia,Friday,False,False,None,False,17,30
2024-09-21,South Australia,Saturday,True,False,None,True,16,30
2024-09-22,South Australia,Sunday,True,False,None,True,15,30
2024-09-23,South Australia,Monday,False,False,None,True,14,30
2024-09-24,South Australia,Tuesday,False,False,None,True,13,30
2024-09-25,South Australia,Wednesday,False,False,None,True,12,30
2024-09-26,South Australia,Thursday,False,False,None,True,11,30
2024-09-27,South Australia,Friday,False,False,None,True,10,30
2024-09-28,South Australia,Saturday,True,False,None,True,9,30
2024-09-29,South Australia,Sunday,True,False,None,True,8,30
2024-09-30,South Australia,Monday,False,False,None,True,7,30
2024-10-01,South Australia,Tuesday,False,False,None,True,6,30
2024-10-02,South Australia,Wednesday,False,False,None,True,5,30
2024-10-03,South Australia,Thursday,False,False,None,True,4,30
2024-10-04,South Australia,Friday,False,False,None,True,3,30
2024-10-05,South Australia,Saturday,True,False,None,True,2,30
2024-10-06,South Australia,Sunday,True,False,None,True,1,30
2024-10-07,South Australia,Monday,False,True,Labour Day,False,0,0
2024-10-08,South Australia,Tuesday,False,False,None,False,30,1
2024-10-09,South Australia,Wednesday,False,False,None,False,30,2
2024-10-10,South Australia,Thursday,False,False,None,False,30,3
2024-10-11,South Australia,Friday,False,False,None,False,30,4
2024-10-12,South Australia,Saturday,True,False,None,False,30,5
2024-10-13,South Australia,Sunday,True,False,None,False,30,6
2024-10-14,South Australia,Monday,False,False,None,False,30,7
2024-10-15,South Australia,Tuesday,False,False,None,False,30,8
2024-10-16,South Australia,Wednesday,False,False,None,False,30,9
2024-10-17,South Australia,Thursday,False,False,None,False,30,10
2024-10-18,South Australia,Friday,False,False,None,False,30,11
2024-10-19,South Australia,Saturday,True,False,None,False,30,12
2024-10-20,South Australia,Sunday,True,False,None,False,30,13
2024-10-21,South Australia,Monday,False,False,None,False,30,14
2024-10-22,South Australia,Tuesday,False,False,None,False,30,15
2024-10-23,South Australia,Wednesday,False,False,None,False,30,16
2024-10-24,South Australia,Thursday,False,False,None,False,30,17
2024-10-25,South Australia,Friday,False,False,None,False,30,18
2024-10-26,South Australia,Saturday,True,False,None,False,30,19
2024-10-27,South Australia,Sunday,True,False,None,False,30,20
2024-10-28,South Australia,Monday,False,False,None,False,30,21
2024-10-29,South Australia,Tuesday,False,False,None,False,30,22
2024-10-30,South Australia,Wednesday,False,False,None,False,30,23
2024-10-31,South Australia,Thursday,False,False,None,False,30,24
2024-11-01,South Australia,Friday,False,False,None,False,30,25
2024-11-02,South Australia,Saturday,True,False,None,False,30,26
2024-11-03,South Australia,Sunday,True,False,None,False,30,27
2024-11-04,South Australia,Monday,False,False,None,False,30,28
2024-11-05,South Australia,Tuesday,False,False,None,False,30,29
2024-11-06,South Australia,Wednesday,False,False,None,False,30,30
2024-11-07,South Australia,Thursday,False,False,None,False,30,30
2024-11-08,South Australia,Friday,False,False,None,False,30,30
2024-11-09,South Australia,Saturday,True,False,None,False,30,30
2024-11-10,South Australia,Sunday,True,False,None,False,30,30
2024-11-11,South Australia,Monday,False,False,None,False,30,30
2024-11-12,South Australia,Tuesday,False,False,None,False,30,30
2024-11-13,South Australia,Wednesday,False,False,None,False,30,30
2024-11-14,South Australia,Thursday,False,False,None,False,30,30
2024-11-15,South Australia,Friday,False,False,None,False,30,30
2024-11-16,South Australia,Saturday,True,False,None,False,30,30
2024-11-17,South Australia,Sunday,True,False,None,False,30,30
2024-11-18,South Australia,Monday,False,False,None,False,30,30
2024-11-19,South Australia,Tuesday,False,False,None,False,30,30
2024-11-20,South Australia,Wednesday,False,False,None,False,30,30
2024-11-21,South Australia,Thursday,False,False,None,False,30,30
2024-11-22,South Australia,Friday,False,False,None,False,30,30
2024-11-23,South Australia,Saturday,True,False,None,False,30,30
2024-11-24,South Australia,Sunday,True,False,None,False,30,30
2024-11-25,South Australia,Monday,False,False,None,False,30,30
2024-11-26,South Australia,Tuesday,False,False,None,False,29,30
2024-11-27,South Australia,Wednesday,False,False,None,False,28,30
2024-11-28,South Australia,Thursday,False,False,None,False,27,30
2024-11-29,South Australia,Friday,False,False,None,False,26,30
2024-11-30,South Australia,Saturday,True,False,None,False,25,30
2024-12-01,South Australia,Sunday,True,False,None,False,24,30
2024-12-02,South Australia,Monday,False,False,None,False,23,30
2024-12-03,South Australia,Tuesday,False,False,None,False,22,30
2024-12-04,South Australia,Wednesday,False,False,None,False,21,30
2024-12-05,South Australia,Thursday,False,False,None,False,20,30
2024-12-06,South Australia,Friday,False,False,None,False,19,30
2024-12-07,South Australia,Saturday,True,False,None,False,18,30
2024-12-08,South Australia,Sunday,True,False,None,False,17,30
2024-12-09,South Australia,Monday,False,False,None,False,16,30
2024-12-10,South Australia,Tuesday,False,False,None,False,15,30
2024-12-11,South Australia,Wednesday,False,False,None,False,14,30
2024-12-12,South Australia,Thursday,False,False,None,False,13,30
2024-12-13,South Australia,Friday,False,False,None,False,12,30
2024-12-14,South Australia,Saturday,True,False,None,False,11,30
2024-12-15,South Australia,Sunday,True,False,None,False,10,30
2024-12-16,South Australia,Monday,False,False,None,False,9,30
2024-12-17,South Australia,Tuesday,False,False,None,False,8,30
2024-12-18,South Australia,Wednesday,False,False,None,True,7,30
2024-12-19,South Australia,Thursday,False,False,None,True,6,30
2024-12-20,South Australia,Friday,False,False,None,True,5,30
2024-12-21,South Australia,Saturday,True,False,None,True,4,30
2024-12-22,South Australia,Sunday,True,False,None,True,3,30
2024-12-23,South Australia,Monday,False,False,None,True,2,30
2024-12-24,South Australia,Tuesday,False,False,None,True,1,30
2024-12-25,South Australia,Wednesday,False,True,Christmas Day,True,0,0
2024-12-26,South Australia,Thursday,False,True,Boxing Day,True,0,0
2024-12-27,South Australia,Friday,False,False,None,True,5,1
2024-12-28,South Australia,Saturday,True,False,None,True,4,2
2024-12-29,South Australia,Sunday,True,False,None,True,3,3
2024-12-30,South Australia,Monday,False,False,None,True,2,4
2024-12-31,South Australia,Tuesday,False,False,None,True,1,5
2025-01-01,South Australia,Wednesday,False,True,New Year's Day,True,0,0
2025-01-02,South Australia,Thursday,False,False,None,True,24,1
2025-01-03,South Australia,Friday,False,False,None,True,23,2
2025-01-04,South Australia,Saturday,True,False,None,True,22,3
2025-01-05,South Australia,Sunday,True,False,None,True,21,4
2025-01-06,South Australia,Monday,False,False,None,True,20,5
2025-01-07,South Australia,Tuesday,False,False,None,True,19,6
2025-01-08,South Australia,Wednesday,False,False,None,True,18,7
2025-01-09,South Australia,Thursday,False,False,None,True,17,8
2025-01-10,South Australia,Friday,False,False,None,True,16,9
2025-01-11,South Australia,Saturday,True,False,None,True,15,10
2025-01-12,South Australia,Sunday,True,False,None,True,14,11
2025-01-13,South Australia,Monday,False,False,None,True,13,12
2025-01-14,South Australia,Tuesday,False,False,None,True,12,13
2025-01-15,South Australia,Wednesday,False,False,None,True,11,14
2025-01-16,South Australia,Thursday,False,False,None,True,10,15
2025-01-17,South Australia,Friday,False,False,None,True,9,16
2025-01-18,South Australia,Saturday,True,False,None,True,8,17
2025-01-19,South Australia,Sunday,True,False,None,True,7,18
2025-01-20,South Australia,Monday,False,False,None,True,6,19
2025-01-21,South Australia,Tuesday,False,False,None,True,5,20
2025-01-22,South Australia,Wednesday,False,False,None,True,4,21
2025-01-23,South Australia,Thursday,False,False,None,True,3,22
2025-01-24,South Australia,Friday,False,False,None,True,2,23
2025-01-25,South Australia,Saturday,True,False,None,True,1,24
2025-01-26,South Australia,Sunday,True,True,Australia Day,True,0,0
2025-01-27,South Australia,Monday,False,False,None,True,30,1
2025-01-28,South Australia,Tuesday,False,False,None,True,30,2
2025-01-29,South Australia,Wednesday,False,False,None,False,30,3
2025-01-30,South Australia,Thursday,False,False,None,False,30,4
2025-01-31,South Australia,Friday,False,False,None,False,30,5
2025-02-01,South Australia,Saturday,True,False,None,False,30,6
2025-02-02,South Australia,Sunday,True,False,None,False,30,7
2025-02-03,South Australia,Monday,False,False,None,False,30,8
2025-02-04,South Australia,Tuesday,False,False,None,False,30,9
2025-02-05,South Australia,Wednesday,False,False,None,False,30,10
2025-02-06,South Australia,Thursday,False,False,None,False,30,11
2025-02-07,South Australia,Friday,False,False,None,False,30,12
2025-02-08,South Australia,Saturday,True,False,None,False,30,13
2025-02-09,South Australia,Sunday,True,False,None,False,29,14
2025-02-10,South Australia,Monday,False,False,None,False,28,15
2025-02-11,South Australia,Tuesday,False,False,None,False,27,16
2025-02-12,South Australia,Wednesday,False,False,None,False,26,17
2025-02-13,South Australia,Thursday,False,False,None,False,25,18
2025-02-14,South Australia,Friday,False,False,None,False,24,19
2025-02-15,South Australia,Saturday,True,False,None,False,23,20
2025-02-16,South Australia,Sunday,True,False,None,False,22,21
2025-02-17,South Australia,Monday,False,False,None,False,21,22
2025-02-18,South Australia,Tuesday,False,False,None,False,20,23
2025-02-19,South Australia,Wednesday,False,False,None,False,19,24
2025-02-20,South Australia,Thursday,False,False,None,False,18,25
2025-02-21,South Australia,Friday,False,False,None,False,17,26
2025-02-22,South Australia,Saturday,True,False,None,False,16,27
2025-02-23,South Australia,Sunday,True,False,None,False,15,28
2025-02-24,South Australia,Monday,False,False,None,False,14,29
2025-02-25,South Australia,Tuesday,False,False,None,False,13,30
2025-02-26,South Australia,Wednesday,False,False,None,False,12,30
2025-02-27,South Australia,Thursday,False,False,None,False,11,30
2025-02-28,South Australia,Friday,False,False,None,False,10,30
2025-03-01,South Australia,Saturday,True,False,None,False,9,30
2025-03-02,South Australia,Sunday,True,False,None,False,8,30
2025-03-03,South Australia,Monday,False,False,None,False,7,30
2025-03-04,South Australia,Tuesday,False,False,None,False,6,30
2025-03-05,South Australia,Wednesday,False,False,None,False,5,30
2025-03-06,South Australia,Thursday,False,False,None,False,4,30
2025-03-07,South Australia,Friday,False,False,None,False,3,30
2025-03-08,South Australia,Saturday,True,False,None,False,2,30
2025-03-09,South Australia,Sunday,True,False,None,False,1,30
2025-03-10,South Australia,Monday,False,True,Adelaide Cup,False,0,0
2025-03-11,South Australia,Tuesday,False,False,None,False,30,1
2025-03-12,South Australia,Wednesday,False,False,None,False,30,2
2025-03-13,South Australia,Thursday,False,False,None,False,30,3
2025-03-14,South Australia,Friday,False,False,None,False,30,4
2025-03-15,South Australia,Saturday,True,False,None,False,30,5
2025-03-16,South Australia,Sunday,True,False,None,False,30,6
2025-03-17,South Australia,Monday,False,False,None,False,30,7
2025-03-18,South Australia,Tuesday,False,False,None,False,30,8
2025-03-19,South Australia,Wednesday,False,False,None,False,30,9
2025-03-20,South Australia,Thursday,False,False,None,False,29,10
2025-03-21,South Australia,Friday,False,False,None,False,28,11
2025-03-22,South Australia,Saturday,True,False,None,False,27,12
2025-03-23,South Australia,Sunday,True,False,None,False,26,13
2025-03-24,South Australia,Monday,False,False,None,False,25,14
2025-03-25,South Australia,Tuesday,False,False,None,False,24,15
2025-03-26,South Australia,Wednesday,False,False,None,False,23,16
2025-03-27,South Australia,Thursday,False,False,None,False,22,17
2025-03-28,South Australia,Friday,False,False,None,False,21,18
2025-03-29,South Australia,Saturday,True,False,None,False,20,19
2025-03-30,South Australia,Sunday,True,False,None,False,19,20
2025-03-31,South Australia,Monday,False,False,None,False,18,21
2025-04-01,South Australia,Tuesday,False,False,None,False,17,22
2025-04-02,South Australia,Wednesday,False,False,None,False,16,23
2025-04-03,South Australia,Thursday,False,False,None,False,15,24
2025-04-04,South Australia,Friday,False,False,None,False,14,25
2025-04-05,South Australia,Saturday,True,False,None,False,13,26
2025-04-06,South Australia,Sunday,True,False,None,False,12,27
2025-04-07,South Australia,Monday,False,False,None,False,11,28
2025-04-08,South Australia,Tuesday,False,False,None,False,10,29
2025-04-09,South Australia,Wednesday,False,False,None,False,9,30
2025-04-10,South Australia,Thursday,False,False,None,False,8,30
2025-04-11,South Australia,Friday,False,False,None,False,7,30
2025-04-12,South Australia,Saturday,True,False,None,False,6,30
2025-04-13,South Australia,Sunday,True,False,None,True,5,30
2025-04-14,South Australia,Monday,False,False,None,True,4,30
2025-04-15,South Australia,Tuesday,False,False,None,True,3,30
2025-04-16,South Australia,Wednesday,False,False,None,True,2,30
2025-04-17,South Australia,Thursday,False,False,None,True,1,30
2025-04-18,South Australia,Friday,False,True,Good Friday,True,0,0
2025-04-19,South Australia,Saturday,True,True,Easter Saturday,True,0,0
2025-04-20,South Australia,Sunday,True,False,None,True,1,1
2025-04-21,South Australia,Monday,False,True,Easter Monday,True,0,0
2025-04-22,South Australia,Tuesday,False,False,None,True,3,1
2025-04-23,South Australia,Wednesday,False,False,None,True,2,2
2025-04-24,South Australia,Thursday,False,False,None,True,1,3
2025-04-25,South Australia,Friday,False,True,ANZAC Day,True,0,0
2025-04-26,South Australia,Saturday,True,False,None,True,30,1
2025-04-27,South Australia,Sunday,True,False,None,True,30,2
2025-04-28,South Australia,Monday,False,False,None,False,30,3
2025-04-29,South Australia,Tuesday,False,False,None,False,30,4
2025-04-30,South Australia,Wednesday,False,False,None,False,30,5
2025-05-01,South Australia,Thursday,False,False,None,False,30,6
2025-05-02,South Australia,Friday,False,False,None,False,30,7
2025-05-03,South Australia,Saturday,True,False,None,False,30,8
2025-05-04,South Australia,Sunday,True,False,None,False,30,9
2025-05-05,South Australia,Monday,False,False,None,False,30,10
2025-05-06,South Australia,Tuesday,False,False,None,False,30,11
2025-05-07,South Australia,Wednesday,False,False,None,False,30,12
2025-05-08,South Australia,Thursday,False,False,None,False,30,13
2025-05-09,South Australia,Friday,False,False,None,False,30,14
2025-05-10,South Australia,Saturday,True,False,None,False,30,15
2025-05-11,South Australia,Sunday,True,False,None,False,29,16
2025-05-12,South Australia,Monday,False,False,None,False,28,17
2025-05-13,South Australia,Tuesday,False,False,None,False,27,18
2025-05-14,South Australia,Wednesday,False,False,None,False,26,19
2025-05-15,South Australia,Thursday,False,False,None,False,25,20
2025-05-16,South Australia,Friday,False,False,None,False,24,21
2025-05-17,South Australia,Saturday,True,False,None,False,23,22
2025-05-18,South Australia,Sunday,True,False,None,False,22,23
2025-05-19,South Australia,Monday,False,False,None,False,21,24
2025-05-20,South Australia,Tuesday,False,False,None,False,20,25
2025-05-21,South Australia,Wednesday,False,False,None,False,19,26
2025-05-22,South Australia,Thursday,False,False,None,False,18,27
2025-05-23,South Australia,Friday,False,False,None,False,17,28
2025-05-24,South Australia,Saturday,True,False,None,False,16,29
2025-05-25,South Australia,Sunday,True,False,None,False,15,30
2025-05-26,South Australia,Monday,False,False,None,False,14,30
2025-05-27,South Australia,Tuesday,False,False,None,False,13,30
2025-05-28,South Australia,Wednesday,False,False,None,False,12,30
2025-05-29,South Australia,Thursday,False,False,None,False,11,30
2025-05-30,South Australia,Friday,False,False,None,False,10,30
2025-05-31,South Australia,Saturday,True,False,None,False,9,30
2025-06-01,South Australia,Sunday,True,False,None,False,8,30
2025-06-02,South Australia,Monday,False,False,None,False,7,30
2025-06-03,South Australia,Tuesday,False,False,None,False,6,30
2025-06-04,South Australia,Wednesday,False,False,None,False,5,30
2025-06-05,South Australia,Thursday,False,False,None,False,4,30
2025-06-06,South Australia,Friday,False,False,None,False,3,30
2025-06-07,South Australia,Saturday,True,False,None,False,2,30
2025-06-08,South Australia,Sunday,True,False,None,False,1,30
2025-06-09,South Australia,Monday,False,True,King's Birthday,False,0,0
2025-06-10,South Australia,Tuesday,False,False,None,False,30,1
2025-06-11,South Australia,Wednesday,False,False,None,False,30,2
2025-06-12,South Australia,Thursday,False,False,None,False,30,3
2025-06-13,South Australia,Friday,False,False,None,False,30,4
2025-06-14,South Australia,Saturday,True,False,None,False,30,5
2025-06-15,South Australia,Sunday,True,False,None,False,30,6
2025-06-16,South Australia,Monday,False,False,None,False,30,7
2025-06-17,South Australia,Tuesday,False,False,None,False,30,8
2025-06-18,South Australia,Wednesday,False,False,None,False,30,9
2025-06-19,South Australia,Thursday,False,False,None,False,30,10
2025-06-20,South Australia,Friday,False,False,None,False,30,11
2025-06-21,South Australia,Saturday,True,False,None,False,30,12
2025-06-22,South Australia,Sunday,True,False,None,False,30,13
2025-06-23,South Australia,Monday,False,False,None,False,30,14
2025-06-24,South Australia,Tuesday,False,False,None,False,30,15
2025-06-25,South Australia,Wednesday,False,False,None,False,30,16
2025-06-26,South Australia,Thursday,False,False,None,False,30,17
2025-06-27,South Australia,Friday,False,False,None,False,30,18
2025-06-28,South Australia,Saturday,True,False,None,True,30,19
2025-06-29,South Australia,Sunday,True,False,None,True,30,20
2025-06-30,South Australia,Monday,False,False,None,True,30,21
2025-07-01,South Australia,Tuesday,False,False,None,True,30,22
2025-07-02,South Australia,Wednesday,False,False,None,True,30,23
2025-07-03,South Australia,Thursday,False,False,None,True,30,24
2025-07-04,South Australia,Friday,False,False,None,True,30,25
2025-07-05,South Australia,Saturday,True,False,None,True,30,26
2025-07-06,South Australia,Sunday,True,False,None,True,30,27
2025-07-07,South Australia,Monday,False,False,None,True,30,28
2025-07-08,South Australia,Tuesday,False,False,None,True,30,29
2025-07-09,South Australia,Wednesday,False,False,None,True,30,30
2025-07-10,South Australia,Thursday,False,False,None,True,30,30
2025-07-11,South Australia,Friday,False,False,None,True,30,30
2025-07-12,South Australia,Saturday,True,False,None,True,30,30
2025-07-13,South Australia,Sunday,True,False,None,True,30,30
2025-07-14,South Australia,Monday,False,False,None,True,30,30
2025-07-15,South Australia,Tuesday,False,False,None,False,30,30
2025-07-16,South Australia,Wednesday,False,False,None,False,30,30
2025-07-17,South Australia,Thursday,False,False,None,False,30,30
2025-07-18,South Australia,Friday,False,False,None,False,30,30
2025-07-19,South Australia,Saturday,True,False,None,False,30,30
2025-07-20,South Australia,Sunday,True,False,None,False,30,30
2025-07-21,South Australia,Monday,False,False,None,False,30,30
2025-07-22,South Australia,Tuesday,False,False,None,False,30,30
2025-07-23,South Australia,Wednesday,False,False,None,False,30,30
2025-07-24,South Australia,Thursday,False,False,None,False,30,30
2025-07-25,South Australia,Friday,False,False,None,False,30,30
2025-07-26,South Australia,Saturday,True,False,None,False,30,30
2025-07-27,South Australia,Sunday,True,False,None,False,30,30
2025-07-28,South Australia,Monday,False,False,None,False,30,30
2025-07-29,South Australia,Tuesday,False,False,None,False,30,30
2025-07-30,South Australia,Wednesday,False,False,None,False,30,30
2025-07-31,South Australia,Thursday,False,False,None,False,30,30
2025-08-01,South Australia,Friday,False,False,None,False,30,30
2025-08-02,South Australia,Saturday,True,False,None,False,30,30
2025-08-03,South Australia,Sunday,True,False,None,False,30,30
2025-08-04,South Australia,Monday,False,False,None,False,30,30
2025-08-05,South Australia,Tuesday,False,False,None,False,30,30
2025-08-06,South Australia,Wednesday,False,False,None,False,30,30
2025-08-07,South Australia,Thursday,False,False,None,False,30,30
2025-08-08,South Australia,Friday,False,False,None,False,30,30
2025-08-09,South Australia,Saturday,True,False,None,False,30,30
2025-08-10,South Australia,Sunday,True,False,None,False,30,30
2025-08-11,South Australia,Monday,False,False,None,False,30,30
2025-08-12,South Australia,Tuesday,False,False,None,False,30,30
2025-08-13,South Australia,Wednesday,False,False,None,False,30,30
2025-08-14,South Australia,Thursday,False,False,None,False,30,30
2025-08-15,South Australia,Friday,False,False,None,False,30,30
2025-08-16,South Australia,Saturday,True,False,None,False,30,30
2025-08-17,South Australia,Sunday,True,False,None,False,30,30
2025-08-18,South Australia,Monday,False,False,None,False,30,30
2025-08-19,South Australia,Tuesday,False,False,None,False,30,30
2025-08-20,South Australia,Wednesday,False,False,None,False,30,30
2025-08-21,South Australia,Thursday,False,False,None,False,30,30
2025-08-22,South Australia,Friday,False,False,None,False,30,30
2025-08-23,South Australia,Saturday,True,False,None,False,30,30
2025-08-24,South Australia,Sunday,True,False,None,False,30,30
2025-08-25,South Australia,Monday,False,False,None,False,30,30
2025-08-26,South Australia,Tuesday,False,False,None,False,30,30
2025-08-27,South Australia,Wednesday,False,False,None,False,30,30
2025-08-28,South Australia,Thursday,False,False,None,False,30,30
2025-08-29,South Australia,Friday,False,False,None,False,30,30
2025-08-30,South Australia,Saturday,True,False,None,False,30,30
2025-08-31,South Australia,Sunday,True,False,None,False,30,30
2025-09-01,South Australia,Monday,False,False,None,False,30,30
2025-09-02,South Australia,Tuesday,False,False,None,False,30,30
2025-09-03,South Australia,Wednesday,False,False,None,False,30,30
2025-09-04,South Australia,Thursday,False,False,None,False,30,30
2025-09-05,South Australia,Friday,False,False,None,False,30,30
2025-09-06,South Australia,Saturday,True,False,None,False,30,30
2025-09-07,South Australia,Sunday,True,False,None,False,29,30
2025-09-08,South Australia,Monday,False,False,None,False,28,30
2025-09-09,South Australia,Tuesday,False,False,None,False,27,30
2025-09-10,South Australia,Wednesday,False,False,None,False,26,30
2025-09-11,South Australia,Thursday,False,False,None,False,25,30
2025-09-12,South Australia,Friday,False,False,None,False,24,30
2025-09-13,South Australia,Saturday,True,False,None,False,23,30
2025-09-14,South Australia,Sunday,True,False,None,False,22,30
2025-09-15,South Australia,Monday,False,False,None,False,21,30
2025-09-16,South Australia,Tuesday,False,False,None,False,20,30
2025-09-17,South Australia,Wednesday,False,False,None,False,19,30
2025-09-18,South Australia,Thursday,False,False,None,False,18,30
2025-09-19,South Australia,Friday,False,False,None,False,17,30
2025-09-20,South Australia,Saturday,True,False,None,False,16,30
2025-09-21,South Australia,Sunday,True,False,None,True,15,30
2025-09-22,South Australia,Monday,False,False,None,True,14,30
2025-09-23,South Australia,Tuesday,False,False,None,True,13,30
2025-09-24,South Australia,Wednesday,False,False,None,True,12,30
2025-09-25,South Australia,Thursday,False,False,None,True,11,30
2025-09-26,South Australia,Friday,False,False,None,True,10,30
2025-09-27,South Australia,Saturday,True,False,None,True,9,30
2025-09-28,South Australia,Sunday,True,False,None,True,8,30
2025-09-29,South Australia,Monday,False,False,None,True,7,30
2025-09-30,South Australia,Tuesday,False,False,None,True,6,30
2025-10-01,South Australia,Wednesday,False,False,None,True,5,30
2025-10-02,South Australia,Thursday,False,False,None,True,4,30
2025-10-03,South Australia,Friday,False,False,None,True,3,30
2025-10-04,South Australia,Saturday,True,False,None,True,2,30
2025-10-05,South Australia,Sunday,True,False,None,True,1,30
2025-10-06,South Australia,Monday,False,True,Labour Day,True,0,0
2025-10-07,South Australia,Tuesday,False,False,None,False,30,1
2025-10-08,South Australia,Wednesday,False,False,None,False,30,2
2025-10-09,South Australia,Thursday,False,False,None,False,30,3
2025-10-10,South Australia,Friday,False,False,None,False,30,4
2025-10-11,South Australia,Saturday,True,False,None,False,30,5
2025-10-12,South Australia,Sunday,True,False,None,False,30,6
2025-10-13,South Australia,Monday,False,False,None,False,30,7
2025-10-14,South Australia,Tuesday,False,False,None,False,30,8
2025-10-15,South Australia,Wednesday,False,False,None,False,30,9
2025-10-16,South Australia,Thursday,False,False,None,False,30,10
2025-10-17,South Australia,Friday,False,False,None,False,30,11
2025-10-18,South Australia,Saturday,True,False,None,False,30,12
2025-10-19,South Australia,Sunday,True,False,None,False,30,13
2025-10-20,South Australia,Monday,False,False,None,False,30,14
2025-10-21,South Australia,Tuesday,False,False,None,False,30,15
2025-10-22,South Australia,Wednesday,False,False,None,False,30,16
2025-10-23,South Australia,Thursday,False,False,None,False,30,17
2025-10-24,South Australia,Friday,False,False,None,False,30,18
2025-10-25,South Australia,Saturday,True,False,None,False,30,19
2025-10-26,South Australia,Sunday,True,False,None,False,30,20
2025-10-27,South Australia,Monday,False,False,None,False,30,21
2025-10-28,South Australia,Tuesday,False,False,None,False,30,22
2025-10-29,South Australia,Wednesday,False,False,None,False,30,23
2025-10-30,South Australia,Thursday,False,False,None,False,30,24
2025-10-31,South Australia,Friday,False,False,None,False,30,25
2025-11-01,South Australia,Saturday,True,False,None,False,30,26
2025-11-02,South Australia,Sunday,True,False,None,False,30,27
2025-11-03,South Australia,Monday,False,False,None,False,30,28
2025-11-04,South Australia,Tuesday,False,False,None,False,30,29
2025-11-05,South Australia,Wednesday,False,False,None,False,30,30
2025-11-06,South Australia,Thursday,False,False,None,False,30,30
2025-11-07,South Australia,Friday,False,False,None,False,30,30
2025-11-08,South Australia,Saturday,True,False,None,False,30,30
2025-11-09,South Australia,Sunday,True,False,None,False,30,30
2025-11-10,South Australia,Monday,False,False,None,False,30,30
2025-11-11,South Australia,Tuesday,False,False,None,False,30,30
2025-11-12,South Australia,Wednesday,False,False,None,False,30,30
2025-11-13,South Australia,Thursday,False,False,None,False,30,30
2025-11-14,South Australia,Friday,False,False,None,False,30,30
2025-11-15,South Australia,Saturday,True,False,None,False,30,30
2025-11-16,South Australia,Sunday,True,False,None,False,30,30
2025-11-17,South Australia,Monday,False,False,None,False,30,30
2025-11-18,South Australia,Tuesday,False,False,None,False,30,30
2025-11-19,South Australia,Wednesday,False,False,None,False,30,30
2025-11-20,South Australia,Thursday,False,False,None,False,30,30
2025-11-21,South Australia,Friday,False,False,None,False,30,30
2025-11-22,South Australia,Saturday,True,False,None,False,30,30
2025-11-23,South Australia,Sunday,True,False,None,False,30,30
2025-11-24,South Australia,Monday,False,False,None,False,30,30
2025-11-25,South Australia,Tuesday,False,False,None,False,30,30
2025-11-26,South Australia,Wednesday,False,False,None,False,29,30
2025-11-27,South Australia,Thursday,False,False,None,False,28,30
2025-11-28,South Australia,Friday,False,False,None,False,27,30
2025-11-29,South Australia,Saturday,True,False,None,False,26,30
2025-11-30,South Australia,Sunday,True,False,None,False,25,30
2025-12-01,South Australia,Monday,False,False,None,False,24,30
2025-12-02,South Australia,Tuesday,False,False,None,False,23,30
2025-12-03,South Australia,Wednesday,False,False,None,False,22,30
2025-12-04,South Australia,Thursday,False,False,None,False,21,30
2025-12-05,South Australia,Friday,False,False,None,False,20,30
2025-12-06,South Australia,Saturday,True,False,None,False,19,30
2025-12-07,South Australia,Sunday,True,False,None,False,18,30
2025-12-08,South Australia,Monday,False,False,None,False,17,30
2025-12-09,South Australia,Tuesday,False,False,None,False,16,30
2025-12-10,South Australia,Wednesday,False,False,None,False,15,30
2025-12-11,South Australia,Thursday,False,False,None,False,14,30
2025-12-12,South Australia,Friday,False,False,None,False,13,30
2025-12-13,South Australia,Saturday,True,False,None,False,12,30
2025-12-14,South Australia,Sunday,True,False,None,False,11,30
2025-12-15,South Australia,Monday,False,False,None,False,10,30
2025-12-16,South Australia,Tuesday,False,False,None,False,9,30
2025-12-17,South Australia,Wednesday,False,False,None,False,8,30
2025-12-18,South Australia,Thursday,False,False,None,True,7,30
2025-12-19,South Australia,Friday,False,False,None,True,6,30
2025-12-20,South Australia,Saturday,True,False,None,True,5,30
2025-12-21,South Australia,Sunday,True,False,None,True,4,30
2025-12-22,South Australia,Monday,False,False,None,True,3,30
2025-12-23,South Australia,Tuesday,False,False,None,True,2,30
2025-12-24,South Australia,Wednesday,False,False,None,True,1,30
2025-12-25,South Australia,Thursday,False,True,Christmas Day,True,0,0
2025-12-26,South Australia,Friday,False,True,Boxing Day,True,0,0
2025-12-27,South Australia,Saturday,True,False,None,True,30,1
2025-12-28,South Australia,Sunday,True,False,None,True,30,2
2025-12-29,South Australia,Monday,False,False,None,True,30,3
2025-12-30,South Australia,Tuesday,False,False,None,True,30,4
2025-12-31,South Australia,Wednesday,False,False,None,True,30,5
2023-01-01,Victoria,Sunday,True,True,New Year's Day,True,0,0
2023-01-02,Victoria,Monday,False,False,None,True,24,1
2023-01-03,Victoria,Tuesday,False,False,None,True,23,2
2023-01-04,Victoria,Wednesday,False,False,None,True,22,3
2023-01-05,Victoria,Thursday,False,False,None,True,21,4
2023-01-06,Victoria,Friday,False,False,None,True,20,5
2023-01-07,Victoria,Saturday,True,False,None,True,19,6
2023-01-08,Victoria,Sunday,True,False,None,True,18,7
2023-01-09,Victoria,Monday,False,False,None,True,17,8
2023-01-10,Victoria,Tuesday,False,False,None,True,16,9
2023-01-11,Victoria,Wednesday,False,False,None,True,15,10
2023-01-12,Victoria,Thursday,False,False,None,True,14,11
2023-01-13,Victoria,Friday,False,False,None,True,13,12
2023-01-14,Victoria,Saturday,True,False,None,True,12,13
2023-01-15,Victoria,Sunday,True,False,None,True,11,14
2023-01-16,Victoria,Monday,False,False,None,True,10,15
2023-01-17,Victoria,Tuesday,False,False,None,True,9,16
2023-01-18,Victoria,Wednesday,False,False,None,True,8,17
2023-01-19,Victoria,Thursday,False,False,None,True,7,18
2023-01-20,Victoria,Friday,False,False,None,True,6,19
2023-01-21,Victoria,Saturday,True,False,None,True,5,20
2023-01-22,Victoria,Sunday,True,False,None,True,4,21
2023-01-23,Victoria,Monday,False,False,None,True,3,22
2023-01-24,Victoria,Tuesday,False,False,None,True,2,23
2023-01-25,Victoria,Wednesday,False,False,None,True,1,24
2023-01-26,Victoria,Thursday,False,True,Australia Day,True,0,0
2023-01-27,Victoria,Friday,False,False,None,True,30,1
2023-01-28,Victoria,Saturday,True,False,None,True,30,2
2023-01-29,Victoria,Sunday,True,False,None,False,30,3
2023-01-30,Victoria,Monday,False,False,None,False,30,4
2023-01-31,Victoria,Tuesday,False,False,None,False,30,5
2023-02-01,Victoria,Wednesday,False,False,None,False,30,6
2023-02-02,Victoria,Thursday,False,False,None,False,30,7
2023-02-03,Victoria,Friday,False,False,None,False,30,8
2023-02-04,Victoria,Saturday,True,False,None,False,30,9
2023-02-05,Victoria,Sunday,True,False,None,False,30,10
2023-02-06,Victoria,Monday,False,False,None,False,30,11
2023-02-07,Victoria,Tuesday,False,False,None,False,30,12
2023-02-08,Victoria,Wednesday,False,False,None,False,30,13
2023-02-09,Victoria,Thursday,False,False,None,False,30,14
2023-02-10,Victoria,Friday,False,False,None,False,30,15
2023-02-11,Victoria,Saturday,True,False,None,False,30,16
2023-02-12,Victoria,Sunday,True,False,None,False,29,17
2023-02-13,Victoria,Monday,False,False,None,False,28,18
2023-02-14,Victoria,Tuesday,False,False,None,False,27,19
2023-02-15,Victoria,Wednesday,False,False,None,False,26,20
2023-02-16,Victoria,Thursday,False,False,None,False,25,21
2023-02-17,Victoria,Friday,False,False,None,False,24,22
2023-02-18,Victoria,Saturday,True,False,None,False,23,23
2023-02-19,Victoria,Sunday,True,False,None,False,22,24
2023-02-20,Victoria,Monday,False,False,None,False,21,25
2023-02-21,Victoria,Tuesday,False,False,None,False,20,26
2023-02-22,Victoria,Wednesday,False,False,None,False,19,27
2023-02-23,Victoria,Thursday,False,False,None,False,18,28
2023-02-24,Victoria,Friday,False,False,None,False,17,29
2023-02-25,Victoria,Saturday,True,False,None,False,16,30
2023-02-26,Victoria,Sunday,True,False,None,False,15,30
2023-02-27,Victoria,Monday,False,False,None,False,14,30
2023-02-28,Victoria,Tuesday,False,False,None,False,13,30
2023-03-01,Victoria,Wednesday,False,False,None,False,12,30
2023-03-02,Victoria,Thursday,False,False,None,False,11,30
2023-03-03,Victoria,Friday,False,False,None,False,10,30
2023-03-04,Victoria,Saturday,True,False,None,False,9,30
2023-03-05,Victoria,Sunday,True,False,None,False,8,30
2023-03-06,Victoria,Monday,False,False,None,False,7,30
2023-03-07,Victoria,Tuesday,False,False,None,False,6,30
2023-03-08,Victoria,Wednesday,False,False,None,False,5,30
2023-03-09,Victoria,Thursday,False,False,None,False,4,30
2023-03-10,Victoria,Friday,False,False,None,False,3,30
2023-03-11,Victoria,Saturday,True,False,None,False,2,30
2023-03-12,Victoria,Sunday,True,False,None,False,1,30
2023-03-13,Victoria,Monday,False,True,Labour Day,False,0,0
2023-03-14,Victoria,Tuesday,False,False,None,False,24,1
2023-03-15,Victoria,Wednesday,False,False,None,False,23,2
2023-03-16,Victoria,Thursday,False,False,None,False,22,3
2023-03-17,Victoria,Friday,False,False,None,False,21,4
2023-03-18,Victoria,Saturday,True,False,None,False,20,5
2023-03-19,Victoria,Sunday,True,False,None,False,19,6
2023-03-20,Victoria,Monday,False,False,None,False,18,7
2023-03-21,Victoria,Tuesday,False,False,None,False,17,8
2023-03-22,Victoria,Wednesday,False,False,None,False,16,9
2023-03-23,Victoria,Thursday,False,False,None,False,15,10
2023-03-24,Victoria,Friday,False,False,None,False,14,11
2023-03-25,Victoria,Saturday,True,False,None,False,13,12
2023-03-26,Victoria,Sunday,True,False,None,False,12,13
2023-03-27,Victoria,Monday,False,False,None,False,11,14
2023-03-28,Victoria,Tuesday,False,False,None,False,10,15
2023-03-29,Victoria,Wednesday,False,False,None,False,9,16
2023-03-30,Victoria,Thursday,False,False,None,False,8,17
2023-03-31,Victoria,Friday,False,False,None,False,7,18
2023-04-01,Victoria,Saturday,True,False,None,False,6,19
2023-04-02,Victoria,Sunday,True,False,None,True,5,20
2023-04-03,Victoria,Monday,False,False,None,True,4,21
2023-04-04,Victoria,Tuesday,False,False,None,True,3,22
2023-04-05,Victoria,Wednesday,False,False,None,True,2,23
2023-04-06,Victoria,Thursday,False,False,None,True,1,24
2023-04-07,Victoria,Friday,False,True,Good Friday,True,0,0
2023-04-08,Victoria,Saturday,True,True,Easter Saturday,True,0,0
2023-04-09,Victoria,Sunday,True,False,None,True,1,1
2023-04-10,Victoria,Monday,False,True,Easter Monday,True,0,0
2023-04-11,Victoria,Tuesday,False,False,None,True,14,1
2023-04-12,Victoria,Wednesday,False,False,None,True,13,2
2023-04-13,Victoria,Thursday,False,False,None,True,12,3
2023-04-14,Victoria,Friday,False,False,None,True,11,4
2023-04-15,Victoria,Saturday,True,False,None,True,10,5
2023-04-16,Victoria,Sunday,True,False,None,True,9,6
2023-04-17,Victoria,Monday,False,False,None,False,8,7
2023-04-18,Victoria,Tuesday,False,False,None,False,7,8
2023-04-19,Victoria,Wednesday,False,False,None,False,6,9
2023-04-20,Victoria,Thursday,False,False,None,False,5,10
2023-04-21,Victoria,Friday,False,False,None,False,4,11
2023-04-22,Victoria,Saturday,True,False,None,False,3,12
2023-04-23,Victoria,Sunday,True,False,None,False,2,13
2023-04-24,Victoria,Monday,False,False,None,False,1,14
2023-04-25,Victoria,Tuesday,False,True,ANZAC Day,False,0,0
2023-04-26,Victoria,Wednesday,False,False,None,False,30,1
2023-04-27,Victoria,Thursday,False,False,None,False,30,2
2023-04-28,Victoria,Friday,False,False,None,False,30,3
2023-04-29,Victoria,Saturday,True,False,None,False,30,4
2023-04-30,Victoria,Sunday,True,False,None,False,30,5
2023-05-01,Victoria,Monday,False,False,None,False,30,6
2023-05-02,Victoria,Tuesday,False,False,None,False,30,7
2023-05-03,Victoria,Wednesday,False,False,None,False,30,8
2023-05-04,Victoria,Thursday,False,False,None,False,30,9
2023-05-05,Victoria,Friday,False,False,None,False,30,10
2023-05-06,Victoria,Saturday,True,False,None,False,30,11
2023-05-07,Victoria,Sunday,True,False,None,False,30,12
2023-05-08,Victoria,Monday,False,False,None,False,30,13
2023-05-09,Victoria,Tuesday,False,False,None,False,30,14
2023-05-10,Victoria,Wednesday,False,False,None,False,30,15
2023-05-11,Victoria,Thursday,False,False,None,False,30,16
2023-05-12,Victoria,Friday,False,False,None,False,30,17
2023-05-13,Victoria,Saturday,True,False,None,False,30,18
2023-05-14,Victoria,Sunday,True,False,None,False,29,19
2023-05-15,Victoria,Monday,False,False,None,False,28,20
2023-05-16,Victoria,Tuesday,False,False,None,False,27,21
2023-05-17,Victoria,Wednesday,False,False,None,False,26,22
2023-05-18,Victoria,Thursday,False,False,None,False,25,23
2023-05-19,Victoria,Friday,False,False,None,False,24,24
2023-05-20,Victoria,Saturday,True,False,None,False,23,25
2023-05-21,Victoria,Sunday,True,False,None,False,22,26
2023-05-22,Victoria,Monday,False,False,None,False,21,27
2023-05-23,Victoria,Tuesday,False,False,None,False,20,28
2023-05-24,Victoria,Wednesday,False,False,None,False,19,29
2023-05-25,Victoria,Thursday,False,False,None,False,18,30
2023-05-26,Victoria,Friday,False,False,None,False,17,30
2023-05-27,Victoria,Saturday,True,False,None,False,16,30
2023-05-28,Victoria,Sunday,True,False,None,False,15,30
2023-05-29,Victoria,Monday,False,False,None,False,14,30
2023-05-30,Victoria,Tuesday,False,False,None,False,13,30
2023-05-31,Victoria,Wednesday,False,False,None,False,12,30
2023-06-01,Victoria,Thursday,False,False,None,False,11,30
2023-06-02,Victoria,Friday,False,False,None,False,10,30
2023-06-03,Victoria,Saturday,True,False,None,False,9,30
2023-06-04,Victoria,Sunday,True,False,None,False,8,30
2023-06-05,Victoria,Monday,False,False,None,False,7,30
2023-06-06,Victoria,Tuesday,False,False,None,False,6,30
2023-06-07,Victoria,Wednesday,False,False,None,False,5,30
2023-06-08,Victoria,Thursday,False,False,None,False,4,30
2023-06-09,Victoria,Friday,False,False,None,False,3,30
2023-06-10,Victoria,Saturday,True,False,None,False,2,30
2023-06-11,Victoria,Sunday,True,False,None,False,1,30
2023-06-12,Victoria,Monday,False,True,King's Birthday,False,0,0
2023-06-13,Victoria,Tuesday,False,False,None,False,30,1
2023-06-14,Victoria,Wednesday,False,False,None,False,30,2
2023-06-15,Victoria,Thursday,False,False,None,False,30,3
2023-06-16,Victoria,Friday,False,False,None,False,30,4
2023-06-17,Victoria,Saturday,True,False,None,False,30,5
2023-06-18,Victoria,Sunday,True,False,None,False,30,6
2023-06-19,Victoria,Monday,False,False,None,False,30,7
2023-06-20,Victoria,Tuesday,False,False,None,False,30,8
2023-06-21,Victoria,Wednesday,False,False,None,False,30,9
2023-06-22,Victoria,Thursday,False,False,None,False,30,10
2023-06-23,Victoria,Friday,False,False,None,False,30,11
2023-06-24,Victoria,Saturday,True,False,None,False,30,12
2023-06-25,Victoria,Sunday,True,False,None,False,30,13
2023-06-26,Victoria,Monday,False,False,None,False,30,14
2023-06-27,Victoria,Tuesday,False,False,None,False,30,15
2023-06-28,Victoria,Wednesday,False,False,None,True,30,16
2023-06-29,Victoria,Thursday,False,False,None,True,30,17
2023-06-30,Victoria,Friday,False,False,None,True,30,18
2023-07-01,Victoria,Saturday,True,False,None,True,30,19
2023-07-02,Victoria,Sunday,True,False,None,True,30,20
2023-07-03,Victoria,Monday,False,False,None,True,30,21
2023-07-04,Victoria,Tuesday,False,False,None,True,30,22
2023-07-05,Victoria,Wednesday,False,False,None,True,30,23
2023-07-06,Victoria,Thursday,False,False,None,True,30,24
2023-07-07,Victoria,Friday,False,False,None,True,30,25
2023-07-08,Victoria,Saturday,True,False,None,True,30,26
2023-07-09,Victoria,Sunday,True,False,None,True,30,27
2023-07-10,Victoria,Monday,False,False,None,True,30,28
2023-07-11,Victoria,Tuesday,False,False,None,True,30,29
2023-07-12,Victoria,Wednesday,False,False,None,True,30,30
2023-07-13,Victoria,Thursday,False,False,None,True,30,30
2023-07-14,Victoria,Friday,False,False,None,True,30,30
2023-07-15,Victoria,Saturday,True,False,None,False,30,30
2023-07-16,Victoria,Sunday,True,False,None,False,30,30
2023-07-17,Victoria,Monday,False,False,None,False,30,30
2023-07-18,Victoria,Tuesday,False,False,None,False,30,30
2023-07-19,Victoria,Wednesday,False,False,None,False,30,30
2023-07-20,Victoria,Thursday,False,False,None,False,30,30
2023-07-21,Victoria,Friday,False,False,None,False,30,30
2023-07-22,Victoria,Saturday,True,False,None,False,30,30
2023-07-23,Victoria,Sunday,True,False,None,False,30,30
2023-07-24,Victoria,Monday,False,False,None,False,30,30
2023-07-25,Victoria,Tuesday,False,False,None,False,30,30
2023-07-26,Victoria,Wednesday,False,False,None,False,30,30
2023-07-27,Victoria,Thursday,False,False,None,False,30,30
2023-07-28,Victoria,Friday,False,False,None,False,30,30
2023-07-29,Victoria,Saturday,True,False,None,False,30,30
2023-07-30,Victoria,Sunday,True,False,None,False,30,30
2023-07-31,Victoria,Monday,False,False,None,False,30,30
2023-08-01,Victoria,Tuesday,False,False,None,False,30,30
2023-08-02,Victoria,Wednesday,False,False,None,False,30,30
2023-08-03,Victoria,Thursday,False,False,None,False,30,30
2023-08-04,Victoria,Friday,False,False,None,False,30,30
2023-08-05,Victoria,Saturday,True,False,None,False,30,30
2023-08-06,Victoria,Sunday,True,False,None,False,30,30
2023-08-07,Victoria,Monday,False,False,None,False,30,30
2023-08-08,Victoria,Tuesday,False,False,None,False,30,30
2023-08-09,Victoria,Wednesday,False,False,None,False,30,30
2023-08-10,Victoria,Thursday,False,False,None,False,30,30
2023-08-11,Victoria,Friday,False,False,None,False,30,30
2023-08-12,Victoria,Saturday,True,False,None,False,30,30
2023-08-13,Victoria,Sunday,True,False,None,False,30,30
2023-08-14,Victoria,Monday,False,False,None,False,30,30
2023-08-15,Victoria,Tuesday,False,False,None,False,30,30
2023-08-16,Victoria,Wednesday,False,False,None,False,30,30
2023-08-17,Victoria,Thursday,False,False,None,False,30,30
2023-08-18,Victoria,Friday,False,False,None,False,30,30
2023-08-19,Victoria,Saturday,True,False,None,False,30,30
2023-08-20,Victoria,Sunday,True,False,None,False,30,30
2023-08-21,Victoria,Monday,False,False,None,False,30,30
2023-08-22,Victoria,Tuesday,False,False,None,False,30,30
2023-08-23,Victoria,Wednesday,False,False,None,False,30,30
2023-08-24,Victoria,Thursday,False,False,None,False,30,30
2023-08-25,Victoria,Friday,False,False,None,False,30,30
2023-08-26,Victoria,Saturday,True,False,None,False,30,30
2023-08-27,Victoria,Sunday,True,False,None,False,30,30
2023-08-28,Victoria,Monday,False,False,None,False,30,30
2023-08-29,Victoria,Tuesday,False,False,None,False,30,30
2023-08-30,Victoria,Wednesday,False,False,None,False,30,30
2023-08-31,Victoria,Thursday,False,False,None,False,30,30
2023-09-01,Victoria,Friday,False,False,None,False,30,30
2023-09-02,Victoria,Saturday,True,False,None,False,30,30
2023-09-03,Victoria,Sunday,True,False,None,False,30,30
2023-09-04,Victoria,Monday,False,False,None,False,30,30
2023-09-05,Victoria,Tuesday,False,False,None,False,30,30
2023-09-06,Victoria,Wednesday,False,False,None,False,30,30
2023-09-07,Victoria,Thursday,False,False,None,False,30,30
2023-09-08,Victoria,Friday,False,False,None,False,30,30
2023-09-09,Victoria,Saturday,True,False,None,False,30,30
2023-09-10,Victoria,Sunday,True,False,None,False,30,30
2023-09-11,Victoria,Monday,False,False,None,False,30,30
2023-09-12,Victoria,Tuesday,False,False,None,False,30,30
2023-09-13,Victoria,Wednesday,False,False,None,False,30,30
2023-09-14,Victoria,Thursday,False,False,None,False,30,30
2023-09-15,Victoria,Friday,False,False,None,False,30,30
2023-09-16,Victoria,Saturday,True,False,None,False,30,30
2023-09-17,Victoria,Sunday,True,False,None,False,30,30
2023-09-18,Victoria,Monday,False,False,None,False,30,30
2023-09-19,Victoria,Tuesday,False,False,None,False,30,30
2023-09-20,Victoria,Wednesday,False,False,None,False,30,30
2023-09-21,Victoria,Thursday,False,False,None,True,30,30
2023-09-22,Victoria,Friday,False,False,None,True,30,30
2023-09-23,Victoria,Saturday,True,False,None,True,30,30
2023-09-24,Victoria,Sunday,True,False,None,True,30,30
2023-09-25,Victoria,Monday,False,False,None,True,30,30
2023-09-26,Victoria,Tuesday,False,False,None,True,30,30
2023-09-27,Victoria,Wednesday,False,False,None,True,30,30
2023-09-28,Victoria,Thursday,False,False,None,True,30,30
2023-09-29,Victoria,Friday,False,False,None,True,30,30
2023-09-30,Victoria,Saturday,True,False,None,True,30,30
2023-10-01,Victoria,Sunday,True,False,None,True,30,30
2023-10-02,Victoria,Monday,False,False,None,True,30,30
2023-10-03,Victoria,Tuesday,False,False,None,True,30,30
2023-10-04,Victoria,Wednesday,False,False,None,True,30,30
2023-10-05,Victoria,Thursday,False,False,None,True,30,30
2023-10-06,Victoria,Friday,False,False,None,True,30,30
2023-10-07,Victoria,Saturday,True,False,None,False,30,30
2023-10-08,Victoria,Sunday,True,False,None,False,30,30
2023-10-09,Victoria,Monday,False,False,None,False,29,30
2023-10-10,Victoria,Tuesday,False,False,None,False,28,30
2023-10-11,Victoria,Wednesday,False,False,None,False,27,30
2023-10-12,Victoria,Thursday,False,False,None,False,26,30
2023-10-13,Victoria,Friday,False,False,None,False,25,30
2023-10-14,Victoria,Saturday,True,False,None,False,24,30
2023-10-15,Victoria,Sunday,True,False,None,False,23,30
2023-10-16,Victoria,Monday,False,False,None,False,22,30
2023-10-17,Victoria,Tuesday,False,False,None,False,21,30
2023-10-18,Victoria,Wednesday,False,False,None,False,20,30
2023-10-19,Victoria,Thursday,False,False,None,False,19,30
2023-10-20,Victoria,Friday,False,False,None,False,18,30
2023-10-21,Victoria,Saturday,True,False,None,False,17,30
2023-10-22,Victoria,Sunday,True,False,None,False,16,30
2023-10-23,Victoria,Monday,False,False,None,False,15,30
2023-10-24,Victoria,Tuesday,False,False,None,False,14,30
2023-10-25,Victoria,Wednesday,False,False,None,False,13,30
2023-10-26,Victoria,Thursday,False,False,None,False,12,30
2023-10-27,Victoria,Friday,False,False,None,False,11,30
2023-10-28,Victoria,Saturday,True,False,None,False,10,30
2023-10-29,Victoria,Sunday,True,False,None,False,9,30
2023-10-30,Victoria,Monday,False,False,None,False,8,30
2023-10-31,Victoria,Tuesday,False,False,None,False,7,30
2023-11-01,Victoria,Wednesday,False,False,None,False,6,30
2023-11-02,Victoria,Thursday,False,False,None,False,5,30
2023-11-03,Victoria,Friday,False,False,None,False,4,30
2023-11-04,Victoria,Saturday,True,False,None,False,3,30
2023-11-05,Victoria,Sunday,True,False,None,False,2,30
2023-11-06,Victoria,Monday,False,False,None,False,1,30
2023-11-07,Victoria,Tuesday,False,True,Melbourne Cup,False,0,0
2023-11-08,Victoria,Wednesday,False,False,None,False,30,1
2023-11-09,Victoria,Thursday,False,False,None,False,30,2
2023-11-10,Victoria,Friday,False,False,None,False,30,3
2023-11-11,Victoria,Saturday,True,False,None,False,30,4
2023-11-12,Victoria,Sunday,True,False,None,False,30,5
2023-11-13,Victoria,Monday,False,False,None,False,30,6
2023-11-14,Victoria,Tuesday,False,False,None,False,30,7
2023-11-15,Victoria,Wednesday,False,False,None,False,30,8
2023-11-16,Victoria,Thursday,False,False,None,False,30,9
2023-11-17,Victoria,Friday,False,False,None,False,30,10
2023-11-18,Victoria,Saturday,True,False,None,False,30,11
2023-11-19,Victoria,Sunday,True,False,None,False,30,12
2023-11-20,Victoria,Monday,False,False,None,False,30,13
2023-11-21,Victoria,Tuesday,False,False,None,False,30,14
2023-11-22,Victoria,Wednesday,False,False,None,False,30,15
2023-11-23,Victoria,Thursday,False,False,None,False,30,16
2023-11-24,Victoria,Friday,False,False,None,False,30,17
2023-11-25,Victoria,Saturday,True,False,None,False,30,18
2023-11-26,Victoria,Sunday,True,False,None,False,29,19
2023-11-27,Victoria,Monday,False,False,None,False,28,20
2023-11-28,Victoria,Tuesday,False,False,None,False,27,21
2023-11-29,Victoria,Wednesday,False,False,None,False,26,22
2023-11-30,Victoria,Thursday,False,False,None,False,25,23
2023-12-01,Victoria,Friday,False,False,None,False,24,24
2023-12-02,Victoria,Saturday,True,False,None,False,23,25
2023-12-03,Victoria,Sunday,True,False,None,False,22,26
2023-12-04,Victoria,Monday,False,False,None,False,21,27
2023-12-05,Victoria,Tuesday,False,False,None,False,20,28
2023-12-06,Victoria,Wednesday,False,False,None,False,19,29
2023-12-07,Victoria,Thursday,False,False,None,False,18,30
2023-12-08,Victoria,Friday,False,False,None,False,17,30
2023-12-09,Victoria,Saturday,True,False,None,False,16,30
2023-12-10,Victoria,Sunday,True,False,None,False,15,30
2023-12-11,Victoria,Monday,False,False,None,False,14,30
2023-12-12,Victoria,Tuesday,False,False,None,False,13,30
2023-12-13,Victoria,Wednesday,False,False,None,False,12,30
2023-12-14,Victoria,Thursday,False,False,None,False,11,30
2023-12-15,Victoria,Friday,False,False,None,False,10,30
2023-12-16,Victoria,Saturday,True,False,None,False,9,30
2023-12-17,Victoria,Sunday,True,False,None,False,8,30
2023-12-18,Victoria,Monday,False,False,None,True,7,30
2023-12-19,Victoria,Tuesday,False,False,None,True,6,30
2023-12-20,Victoria,Wednesday,False,False,None,True,5,30
2023-12-21,Victoria,Thursday,False,False,None,True,4,30
2023-12-22,Victoria,Friday,False,False,None,True,3,30
2023-12-23,Victoria,Saturday,True,False,None,True,2,30
2023-12-24,Victoria,Sunday,True,False,None,True,1,30
2023-12-25,Victoria,Monday,False,True,Christmas Day,True,0,0
2023-12-26,Victoria,Tuesday,False,True,Boxing Day,True,0,0
2023-12-27,Victoria,Wednesday,False,False,None,True,5,1
2023-12-28,Victoria,Thursday,False,False,None,True,4,2
2023-12-29,Victoria,Friday,False,False,None,True,3,3
2023-12-30,Victoria,Saturday,True,False,None,True,2,4
2023-12-31,Victoria,Sunday,True,False,None,True,1,5
2024-01-01,Victoria,Monday,False,True,New Year's Day,True,0,0
2024-01-02,Victoria,Tuesday,False,False,None,True,24,1
2024-01-03,Victoria,Wednesday,False,False,None,True,23,2
2024-01-04,Victoria,Thursday,False,False,None,True,22,3
2024-01-05,Victoria,Friday,False,False,None,True,21,4
2024-01-06,Victoria,Saturday,True,False,None,True,20,5
2024-01-07,Victoria,Sunday,True,False,None,True,19,6
2024-01-08,Victoria,Monday,False,False,None,True,18,7
2024-01-09,Victoria,Tuesday,False,False,None,True,17,8
2024-01-10,Victoria,Wednesday,False,False,None,True,16,9
2024-01-11,Victoria,Thursday,False,False,None,True,15,10
2024-01-12,Victoria,Friday,False,False,None,True,14,11
2024-01-13,Victoria,Saturday,True,False,None,True,13,12
2024-01-14,Victoria,Sunday,True,False,None,True,12,13
2024-01-15,Victoria,Monday,False,False,None,True,11,14
2024-01-16,Victoria,Tuesday,False,False,None,True,10,15
2024-01-17,Victoria,Wednesday,False,False,None,True,9,16
2024-01-18,Victoria,Thursday,False,False,None,True,8,17
2024-01-19,Victoria,Friday,False,False,None,True,7,18
2024-01-20,Victoria,Saturday,True,False,None,True,6,19
2024-01-21,Victoria,Sunday,True,False,None,True,5,20
2024-01-22,Victoria,Monday,False,False,None,True,4,21
2024-01-23,Victoria,Tuesday,False,False,None,True,3,22
2024-01-24,Victoria,Wednesday,False,False,None,True,2,23
2024-01-25,Victoria,Thursday,False,False,None,True,1,24
2024-01-26,Victoria,Friday,False,True,Australia Day,True,0,0
2024-01-27,Victoria,Saturday,True,False,None,True,30,1
2024-01-28,Victoria,Sunday,True,False,None,True,30,2
2024-01-29,Victoria,Monday,False,False,None,False,30,3
2024-01-30,Victoria,Tuesday,False,False,None,False,30,4
2024-01-31,Victoria,Wednesday,False,False,None,False,30,5
2024-02-01,Victoria,Thursday,False,False,None,False,30,6
2024-02-02,Victoria,Friday,False,False,None,False,30,7
2024-02-03,Victoria,Saturday,True,False,None,False,30,8
2024-02-04,Victoria,Sunday,True,False,None,False,30,9
2024-02-05,Victoria,Monday,False,False,None,False,30,10
2024-02-06,Victoria,Tuesday,False,False,None,False,30,11
2024-02-07,Victoria,Wednesday,False,False,None,False,30,12
2024-02-08,Victoria,Thursday,False,False,None,False,30,13
2024-02-09,Victoria,Friday,False,False,None,False,30,14
2024-02-10,Victoria,Saturday,True,False,None,False,30,15
2024-02-11,Victoria,Sunday,True,False,None,False,29,16
2024-02-12,Victoria,Monday,False,False,None,False,28,17
2024-02-13,Victoria,Tuesday,False,False,None,False,27,18
2024-02-14,Victoria,Wednesday,False,False,None,False,26,19
2024-02-15,Victoria,Thursday,False,False,None,False,25,20
2024-02-16,Victoria,Friday,False,False,None,False,24,21
2024-02-17,Victoria,Saturday,True,False,None,False,23,22
2024-02-18,Victoria,Sunday,True,False,None,False,22,23
2024-02-19,Victoria,Monday,False,False,None,False,21,24
2024-02-20,Victoria,Tuesday,False,False,None,False,20,25
2024-02-21,Victoria,Wednesday,False,False,None,False,19,26
2024-02-22,Victoria,Thursday,False,False,None,False,18,27
2024-02-23,Victoria,Friday,False,False,None,False,17,28
2024-02-24,Victoria,Saturday,True,False,None,False,16,29
2024-02-25,Victoria,Sunday,True,False,None,False,15,30
2024-02-26,Victoria,Monday,False,False,None,False,14,30
2024-02-27,Victoria,Tuesday,False,False,None,False,13,30
2024-02-28,Victoria,Wednesday,False,False,None,False,12,30
2024-02-29,Victoria,Thursday,False,False,None,False,11,30
2024-03-01,Victoria,Friday,False,False,None,False,10,30
2024-03-02,Victoria,Saturday,True,False,None,False,9,30
2024-03-03,Victoria,Sunday,True,False,None,False,8,30
2024-03-04,Victoria,Monday,False,False,None,False,7,30
2024-03-05,Victoria,Tuesday,False,False,None,False,6,30
2024-03-06,Victoria,Wednesday,False,False,None,False,5,30
2024-03-07,Victoria,Thursday,False,False,None,False,4,30
2024-03-08,Victoria,Friday,False,False,None,False,3,30
2024-03-09,Victoria,Saturday,True,False,None,False,2,30
2024-03-10,Victoria,Sunday,True,False,None,False,1,30
2024-03-11,Victoria,Monday,False,True,Labour Day,False,0,0
2024-03-12,Victoria,Tuesday,False,False,None,False,17,1
2024-03-13,Victoria,Wednesday,False,False,None,False,16,2
2024-03-14,Victoria,Thursday,False,False,None,False,15,3
2024-03-15,Victoria,Friday,False,False,None,False,14,4
2024-03-16,Victoria,Saturday,True,False,None,False,13,5
2024-03-17,Victoria,Sunday,True,False,None,False,12,6
2024-03-18,Victoria,Monday,False,False,None,False,11,7
2024-03-19,Victoria,Tuesday,False,False,None,False,10,8
2024-03-20,Victoria,Wednesday,False,False,None,False,9,9
2024-03-21,Victoria,Thursday,False,False,None,False,8,10
2024-03-22,Victoria,Friday,False,False,None,False,7,11
2024-03-23,Victoria,Saturday,True,False,None,False,6,12
2024-03-24,Victoria,Sunday,True,False,None,True,5,13
2024-03-25,Victoria,Monday,False,False,None,True,4,14
2024-03-26,Victoria,Tuesday,False,False,None,True,3,15
2024-03-27,Victoria,Wednesday,False,False,None,True,2,16
2024-03-28,Victoria,Thursday,False,False,None,True,1,17
2024-03-29,Victoria,Friday,False,True,Good Friday,True,0,0
2024-03-30,Victoria,Saturday,True,True,Easter Saturday,True,0,0
2024-03-31,Victoria,Sunday,True,False,None,True,1,1
2024-04-01,Victoria,Monday,False,True,Easter Monday,True,0,0
2024-04-02,Victoria,Tuesday,False,False,None,True,23,1
2024-04-03,Victoria,Wednesday,False,False,None,True,22,2
2024-04-04,Victoria,Thursday,False,False,None,True,21,3
2024-04-05,Victoria,Friday,False,False,None,True,20,4
2024-04-06,Victoria,Saturday,True,False,None,True,19,5
2024-04-07,Victoria,Sunday,True,False,None,True,18,6
2024-04-08,Victoria,Monday,False,False,None,False,17,7
2024-04-09,Victoria,Tuesday,False,False,None,False,16,8
2024-04-10,Victoria,Wednesday,False,False,None,False,15,9
2024-04-11,Victoria,Thursday,False,False,None,False,14,10
2024-04-12,Victoria,Friday,False,False,None,False,13,11
2024-04-13,Victoria,Saturday,True,False,None,False,12,12
2024-04-14,Victoria,Sunday,True,False,None,False,11,13
2024-04-15,Victoria,Monday,False,False,None,False,10,14
2024-04-16,Victoria,Tuesday,False,False,None,False,9,15
2024-04-17,Victoria,Wednesday,False,False,None,False,8,16
2024-04-18,Victoria,Thursday,False,False,None,False,7,17
2024-04-19,Victoria,Friday,False,False,None,False,6,18
2024-04-20,Victoria,Saturday,True,False,None,False,5,19
2024-04-21,Victoria,Sunday,True,False,None,False,4,20
2024-04-22,Victoria,Monday,False,False,None,False,3,21
2024-04-23,Victoria,Tuesday,False,False,None,False,2,22
2024-04-24,Victoria,Wednesday,False,False,None,False,1,23
2024-04-25,Victoria,Thursday,False,True,ANZAC Day,False,0,0
2024-04-26,Victoria,Friday,False,False,None,False,30,1
2024-04-27,Victoria,Saturday,True,False,None,False,30,2
2024-04-28,Victoria,Sunday,True,False,None,False,30,3
2024-04-29,Victoria,Monday,False,False,None,False,30,4
2024-04-30,Victoria,Tuesday,False,False,None,False,30,5
2024-05-01,Victoria,Wednesday,False,False,None,False,30,6
2024-05-02,Victoria,Thursday,False,False,None,False,30,7
2024-05-03,Victoria,Friday,False,False,None,False,30,8
2024-05-04,Victoria,Saturday,True,False,None,False,30,9
2024-05-05,Victoria,Sunday,True,False,None,False,30,10
2024-05-06,Victoria,Monday,False,False,None,False,30,11
2024-05-07,Victoria,Tuesday,False,False,None,False,30,12
2024-05-08,Victoria,Wednesday,False,False,None,False,30,13
2024-05-09,Victoria,Thursday,False,False,None,False,30,14
2024-05-10,Victoria,Friday,False,False,None,False,30,15
2024-05-11,Victoria,Saturday,True,False,None,False,30,16
2024-05-12,Victoria,Sunday,True,False,None,False,29,17
2024-05-13,Victoria,Monday,False,False,None,False,28,18
2024-05-14,Victoria,Tuesday,False,False,None,False,27,19
2024-05-15,Victoria,Wednesday,False,False,None,False,26,20
2024-05-16,Victoria,Thursday,False,False,None,False,25,21
2024-05-17,Victoria,Friday,False,False,None,False,24,22
2024-05-18,Victoria,Saturday,True,False,None,False,23,23
2024-05-19,Victoria,Sunday,True,False,None,False,22,24
2024-05-20,Victoria,Monday,False,False,None,False,21,25
2024-05-21,Victoria,Tuesday,False,False,None,False,20,26
2024-05-22,Victoria,Wednesday,False,False,None,False,19,27
2024-05-23,Victoria,Thursday,False,False,None,False,18,28
2024-05-24,Victoria,Friday,False,False,None,False,17,29
2024-05-25,Victoria,Saturday,True,False,None,False,16,30
2024-05-26,Victoria,Sunday,True,False,None,False,15,30
2024-05-27,Victoria,Monday,False,False,None,False,14,30
2024-05-28,Victoria,Tuesday,False,False,None,False,13,30
2024-05-29,Victoria,Wednesday,False,False,None,False,12,30
2024-05-30,Victoria,Thursday,False,False,None,False,11,30
2024-05-31,Victoria,Friday,False,False,None,False,10,30
2024-06-01,Victoria,Saturday,True,False,None,False,9,30
2024-06-02,Victoria,Sunday,True,False,None,False,8,30
2024-06-03,Victoria,Monday,False,False,None,False,7,30
2024-06-04,Victoria,Tuesday,False,False,None,False,6,30
2024-06-05,Victoria,Wednesday,False,False,None,False,5,30
2024-06-06,Victoria,Thursday,False,False,None,False,4,30
2024-06-07,Victoria,Friday,False,False,None,False,3,30
2024-06-08,Victoria,Saturday,True,False,None,False,2,30
2024-06-09,Victoria,Sunday,True,False,None,False,1,30
2024-06-10,Victoria,Monday,False,True,King's Birthday,False,0,0
2024-06-11,Victoria,Tuesday,False,False,None,False,30,1
2024-06-12,Victoria,Wednesday,False,False,None,False,30,2
2024-06-13,Victoria,Thursday,False,False,None,False,30,3
2024-06-14,Victoria,Friday,False,False,None,False,30,4
2024-06-15,Victoria,Saturday,True,False,None,False,30,5
2024-06-16,Victoria,Sunday,True,False,None,False,30,6
2024-06-17,Victoria,Monday,False,False,None,False,30,7
2024-06-18,Victoria,Tuesday,False,False,None,False,30,8
2024-06-19,Victoria,Wednesday,False,False,None,False,30,9
2024-06-20,Victoria,Thursday,False,False,None,False,30,10
2024-06-21,Victoria,Friday,False,False,None,False,30,11
2024-06-22,Victoria,Saturday,True,False,None,False,30,12
2024-06-23,Victoria,Sunday,True,False,None,False,30,13
2024-06-24,Victoria,Monday,False,False,None,False,30,14
2024-06-25,Victoria,Tuesday,False,False,None,False,30,15
2024-06-26,Victoria,Wednesday,False,False,None,False,30,16
2024-06-27,Victoria,Thursday,False,False,None,False,30,17
2024-06-28,Victoria,Friday,False,False,None,True,30,18
2024-06-29,Victoria,Saturday,True,False,None,True,30,19
2024-06-30,Victoria,Sunday,True,False,None,True,30,20
2024-07-01,Victoria,Monday,False,False,None,True,30,21
2024-07-02,Victoria,Tuesday,False,False,None,True,30,22
2024-07-03,Victoria,Wednesday,False,False,None,True,30,23
2024-07-04,Victoria,Thursday,False,False,None,True,30,24
2024-07-05,Victoria,Friday,False,False,None,True,30,25
2024-07-06,Victoria,Saturday,True,False,None,True,30,26
2024-07-07,Victoria,Sunday,True,False,None,True,30,27
2024-07-08,Victoria,Monday,False,False,None,True,30,28
2024-07-09,Victoria,Tuesday,False,False,None,True,30,29
2024-07-10,Victoria,Wednesday,False,False,None,True,30,30
2024-07-11,Victoria,Thursday,False,False,None,True,30,30
2024-07-12,Victoria,Friday,False,False,None,True,30,30
2024-07-13,Victoria,Saturday,True,False,None,True,30,30
2024-07-14,Victoria,Sunday,True,False,None,True,30,30
2024-07-15,Victoria,Monday,False,False,None,False,30,30
2024-07-16,Victoria,Tuesday,False,False,None,False,30,30
2024-07-17,Victoria,Wednesday,False,False,None,False,30,30
2024-07-18,Victoria,Thursday,False,False,None,False,30,30
2024-07-19,Victoria,Friday,False,False,None,False,30,30
2024-07-20,Victoria,Saturday,True,False,None,False,30,30
2024-07-21,Victoria,Sunday,True,False,None,False,30,30
2024-07-22,Victoria,Monday,False,False,None,False,30,30
2024-07-23,Victoria,Tuesday,False,False,None,False,30,30
2024-07-24,Victoria,Wednesday,False,False,None,False,30,30
2024-07-25,Victoria,Thursday,False,False,None,False,30,30
2024-07-26,Victoria,Friday,False,False,None,False,30,30
2024-07-27,Victoria,Saturday,True,False,None,False,30,30
2024-07-28,Victoria,Sunday,True,False,None,False,30,30
2024-07-29,Victoria,Monday,False,False,None,False,30,30
2024-07-30,Victoria,Tuesday,False,False,None,False,30,30
2024-07-31,Victoria,Wednesday,False,False,None,False,30,30
2024-08-01,Victoria,Thursday,False,False,None,False,30,30
2024-08-02,Victoria,Friday,False,False,None,False,30,30
2024-08-03,Victoria,Saturday,True,False,None,False,30,30
2024-08-04,Victoria,Sunday,True,False,None,False,30,30
2024-08-05,Victoria,Monday,False,False,None,False,30,30
2024-08-06,Victoria,Tuesday,False,False,None,False,30,30
2024-08-07,Victoria,Wednesday,False,False,None,False,30,30
2024-08-08,Victoria,Thursday,False,False,None,False,30,30
2024-08-09,Victoria,Friday,False,False,None,False,30,30
2024-08-10,Victoria,Saturday,True,False,None,False,30,30
2024-08-11,Victoria,Sunday,True,False,None,False,30,30
2024-08-12,Victoria,Monday,False,False,None,False,30,30
2024-08-13,Victoria,Tuesday,False,False,None,False,30,30
2024-08-14,Victoria,Wednesday,False,False,None,False,30,30
2024-08-15,Victoria,Thursday,False,False,None,False,30,30
2024-08-16,Victoria,Friday,False,False,None,False,30,30
2024-08-17,Victoria,Saturday,True,False,None,False,30,30
2024-08-18,Victoria,Sunday,True,False,None,False,30,30
2024-08-19,Victoria,Monday,False,False,None,False,30,30
2024-08-20,Victoria,Tuesday,False,False,None,False,30,30
2024-08-21,Victoria,Wednesday,False,False,None,False,30,30
2024-08-22,Victoria,Thursday,False,False,None,False,30,30
2024-08-23,Victoria,Friday,False,False,None,False,30,30
2024-08-24,Victoria,Saturday,True,False,None,False,30,30
2024-08-25,Victoria,Sunday,True,False,None,False,30,30
2024-08-26,Victoria,Monday,False,False,None,False,30,30
2024-08-27,Victoria,Tuesday,False,False,None,False,30,30
2024-08-28,Victoria,Wednesday,False,False,None,False,30,30
2024-08-29,Victoria,Thursday,False,False,None,False,30,30
2024-08-30,Victoria,Friday,False,False,None,False,30,30
2024-08-31,Victoria,Saturday,True,False,None,False,30,30
2024-09-01,Victoria,Sunday,True,False,None,False,30,30
2024-09-02,Victoria,Monday,False,False,None,False,30,30
2024-09-03,Victoria,Tuesday,False,False,None,False,30,30
2024-09-04,Victoria,Wednesday,False,False,None,False,30,30
2024-09-05,Victoria,Thursday,False,False,None,False,30,30
2024-09-06,Victoria,Friday,False,False,None,False,30,30
2024-09-07,Victoria,Saturday,True,False,None,False,30,30
2024-09-08,Victoria,Sunday,True,False,None,False,30,30
2024-09-09,Victoria,Monday,False,False,None,False,30,30
2024-09-10,Victoria,Tuesday,False,False,None,False,30,30
2024-09-11,Victoria,Wednesday,False,False,None,False,30,30
2024-09-12,Victoria,Thursday,False,False,None,False,30,30
2024-09-13,Victoria,Friday,False,False,None,False,30,30
2024-09-14,Victoria,Saturday,True,False,None,False,30,30
2024-09-15,Victoria,Sunday,True,False,None,False,30,30
2024-09-16,Victoria,Monday,False,False,None,False,30,30
2024-09-17,Victoria,Tuesday,False,False,None,False,30,30
2024-09-18,Victoria,Wednesday,False,False,None,False,30,30
2024-09-19,Victoria,Thursday,False,False,None,False,30,30
2024-09-20,Victoria,Friday,False,False,None,False,30,30
2024-09-21,Victoria,Saturday,True,False,None,True,30,30
2024-09-22,Victoria,Sunday,True,False,None,True,30,30
2024-09-23,Victoria,Monday,False,False,None,True,30,30
2024-09-24,Victoria,Tuesday,False,False,None,True,30,30
2024-09-25,Victoria,Wednesday,False,False,None,True,30,30
2024-09-26,Victoria,Thursday,False,False,None,True,30,30
2024-09-27,Victoria,Friday,False,False,None,True,30,30
2024-09-28,Victoria,Saturday,True,False,None,True,30,30
2024-09-29,Victoria,Sunday,True,False,None,True,30,30
2024-09-30,Victoria,Monday,False,False,None,True,30,30
2024-10-01,Victoria,Tuesday,False,False,None,True,30,30
2024-10-02,Victoria,Wednesday,False,False,None,True,30,30
2024-10-03,Victoria,Thursday,False,False,None,True,30,30
2024-10-04,Victoria,Friday,False,False,None,True,30,30
2024-10-05,Victoria,Saturday,True,False,None,True,30,30
2024-10-06,Victoria,Sunday,True,False,None,True,30,30
2024-10-07,Victoria,Monday,False,False,None,False,29,30
2024-10-08,Victoria,Tuesday,False,False,None,False,28,30
2024-10-09,Victoria,Wednesday,False,False,None,False,27,30
2024-10-10,Victoria,Thursday,False,False,None,False,26,30
2024-10-11,Victoria,Friday,False,False,None,False,25,30
2024-10-12,Victoria,Saturday,True,False,None,False,24,30
2024-10-13,Victoria,Sunday,True,False,None,False,23,30
2024-10-14,Victoria,Monday,False,False,None,False,22,30
2024-10-15,Victoria,Tuesday,False,False,None,False,21,30
2024-10-16,Victoria,Wednesday,False,False,None,False,20,30
2024-10-17,Victoria,Thursday,False,False,None,False,19,30
2024-10-18,Victoria,Friday,False,False,None,False,18,30
2024-10-19,Victoria,Saturday,True,False,None,False,17,30
2024-10-20,Victoria,Sunday,True,False,None,False,16,30
2024-10-21,Victoria,Monday,False,False,None,False,15,30
2024-10-22,Victoria,Tuesday,False,False,None,False,14,30
2024-10-23,Victoria,Wednesday,False,False,None,False,13,30
2024-10-24,Victoria,Thursday,False,False,None,False,12,30
2024-10-25,Victoria,Friday,False,False,None,False,11,30
2024-10-26,Victoria,Saturday,True,False,None,False,10,30
2024-10-27,Victoria,Sunday,True,False,None,False,9,30
2024-10-28,Victoria,Monday,False,False,None,False,8,30
2024-10-29,Victoria,Tuesday,False,False,None,False,7,30
2024-10-30,Victoria,Wednesday,False,False,None,False,6,30
2024-10-31,Victoria,Thursday,False,False,None,False,5,30
2024-11-01,Victoria,Friday,False,False,None,False,4,30
2024-11-02,Victoria,Saturday,True,False,None,False,3,30
2024-11-03,Victoria,Sunday,True,False,None,False,2,30
2024-11-04,Victoria,Monday,False,False,None,False,1,30
2024-11-05,Victoria,Tuesday,False,True,Melbourne Cup,False,0,0
2024-11-06,Victoria,Wednesday,False,False,None,False,30,1
2024-11-07,Victoria,Thursday,False,False,None,False,30,2
2024-11-08,Victoria,Friday,False,False,None,False,30,3
2024-11-09,Victoria,Saturday,True,False,None,False,30,4
2024-11-10,Victoria,Sunday,True,False,None,False,30,5
2024-11-11,Victoria,Monday,False,False,None,False,30,6
2024-11-12,Victoria,Tuesday,False,False,None,False,30,7
2024-11-13,Victoria,Wednesday,False,False,None,False,30,8
2024-11-14,Victoria,Thursday,False,False,None,False,30,9
2024-11-15,Victoria,Friday,False,False,None,False,30,10
2024-11-16,Victoria,Saturday,True,False,None,False,30,11
2024-11-17,Victoria,Sunday,True,False,None,False,30,12
2024-11-18,Victoria,Monday,False,False,None,False,30,13
2024-11-19,Victoria,Tuesday,False,False,None,False,30,14
2024-11-20,Victoria,Wednesday,False,False,None,False,30,15
2024-11-21,Victoria,Thursday,False,False,None,False,30,16
2024-11-22,Victoria,Friday,False,False,None,False,30,17
2024-11-23,Victoria,Saturday,True,False,None,False,30,18
2024-11-24,Victoria,Sunday,True,False,None,False,30,19
2024-11-25,Victoria,Monday,False,False,None,False,30,20
2024-11-26,Victoria,Tuesday,False,False,None,False,29,21
2024-11-27,Victoria,Wednesday,False,False,None,False,28,22
2024-11-28,Victoria,Thursday,False,False,None,False,27,23
2024-11-29,Victoria,Friday,False,False,None,False,26,24
2024-11-30,Victoria,Saturday,True,False,None,False,25,25
2024-12-01,Victoria,Sunday,True,False,None,False,24,26
2024-12-02,Victoria,Monday,False,False,None,False,23,27
2024-12-03,Victoria,Tuesday,False,False,None,False,22,28
2024-12-04,Victoria,Wednesday,False,False,None,False,21,29
2024-12-05,Victoria,Thursday,False,False,None,False,20,30
2024-12-06,Victoria,Friday,False,False,None,False,19,30
2024-12-07,Victoria,Saturday,True,False,None,False,18,30
2024-12-08,Victoria,Sunday,True,False,None,False,17,30
2024-12-09,Victoria,Monday,False,False,None,False,16,30
2024-12-10,Victoria,Tuesday,False,False,None,False,15,30
2024-12-11,Victoria,Wednesday,False,False,None,False,14,30
2024-12-12,Victoria,Thursday,False,False,None,False,13,30
2024-12-13,Victoria,Friday,False,False,None,False,12,30
2024-12-14,Victoria,Saturday,True,False,None,False,11,30
2024-12-15,Victoria,Sunday,True,False,None,False,10,30
2024-12-16,Victoria,Monday,False,False,None,False,9,30
2024-12-17,Victoria,Tuesday,False,False,None,False,8,30
2024-12-18,Victoria,Wednesday,False,False,None,True,7,30
2024-12-19,Victoria,Thursday,False,False,None,True,6,30
2024-12-20,Victoria,Friday,False,False,None,True,5,30
2024-12-21,Victoria,Saturday,True,False,None,True,4,30
2024-12-22,Victoria,Sunday,True,False,None,True,3,30
2024-12-23,Victoria,Monday,False,False,None,True,2,30
2024-12-24,Victoria,Tuesday,False,False,None,True,1,30
2024-12-25,Victoria,Wednesday,False,True,Christmas Day,True,0,0
2024-12-26,Victoria,Thursday,False,True,Boxing Day,True,0,0
2024-12-27,Victoria,Friday,False,False,None,True,5,1
2024-12-28,Victoria,Saturday,True,False,None,True,4,2
2024-12-29,Victoria,Sunday,True,False,None,True,3,3
2024-12-30,Victoria,Monday,False,False,None,True,2,4
2024-12-31,Victoria,Tuesday,False,False,None,True,1,5
2025-01-01,Victoria,Wednesday,False,True,New Year's Day,True,0,0
2025-01-02,Victoria,Thursday,False,False,None,True,24,1
2025-01-03,Victoria,Friday,False,False,None,True,23,2
2025-01-04,Victoria,Saturday,True,False,None,True,22,3
2025-01-05,Victoria,Sunday,True,False,None,True,21,4
2025-01-06,Victoria,Monday,False,False,None,True,20,5
2025-01-07,Victoria,Tuesday,False,False,None,True,19,6
2025-01-08,Victoria,Wednesday,False,False,None,True,18,7
2025-01-09,Victoria,Thursday,False,False,None,True,17,8
2025-01-10,Victoria,Friday,False,False,None,True,16,9
2025-01-11,Victoria,Saturday,True,False,None,True,15,10
2025-01-12,Victoria,Sunday,True,False,None,True,14,11
2025-01-13,Victoria,Monday,False,False,None,True,13,12
2025-01-14,Victoria,Tuesday,False,False,None,True,12,13
2025-01-15,Victoria,Wednesday,False,False,None,True,11,14
2025-01-16,Victoria,Thursday,False,False,None,True,10,15
2025-01-17,Victoria,Friday,False,False,None,True,9,16
2025-01-18,Victoria,Saturday,True,False,None,True,8,17
2025-01-19,Victoria,Sunday,True,False,None,True,7,18
2025-01-20,Victoria,Monday,False,False,None,True,6,19
2025-01-21,Victoria,Tuesday,False,False,None,True,5,20
2025-01-22,Victoria,Wednesday,False,False,None,True,4,21
2025-01-23,Victoria,Thursday,False,False,None,True,3,22
2025-01-24,Victoria,Friday,False,False,None,True,2,23
2025-01-25,Victoria,Saturday,True,False,None,True,1,24
2025-01-26,Victoria,Sunday,True,True,Australia Day,True,0,0
2025-01-27,Victoria,Monday,False,False,None,True,30,1
2025-01-28,Victoria,Tuesday,False,False,None,True,30,2
2025-01-29,Victoria,Wednesday,False,False,None,False,30,3
2025-01-30,Victoria,Thursday,False,False,None,False,30,4
2025-01-31,Victoria,Friday,False,False,None,False,30,5
2025-02-01,Victoria,Saturday,True,False,None,False,30,6
2025-02-02,Victoria,Sunday,True,False,None,False,30,7
2025-02-03,Victoria,Monday,False,False,None,False,30,8
2025-02-04,Victoria,Tuesday,False,False,None,False,30,9
2025-02-05,Victoria,Wednesday,False,False,None,False,30,10
2025-02-06,Victoria,Thursday,False,False,None,False,30,11
2025-02-07,Victoria,Friday,False,False,None,False,30,12
2025-02-08,Victoria,Saturday,True,False,None,False,30,13
2025-02-09,Victoria,Sunday,True,False,None,False,29,14
2025-02-10,Victoria,Monday,False,False,None,False,28,15
2025-02-11,Victoria,Tuesday,False,False,None,False,27,16
2025-02-12,Victoria,Wednesday,False,False,None,False,26,17
2025-02-13,Victoria,Thursday,False,False,None,False,25,18
2025-02-14,Victoria,Friday,False,False,None,False,24,19
2025-02-15,Victoria,Saturday,True,False,None,False,23,20
2025-02-16,Victoria,Sunday,True,False,None,False,22,21
2025-02-17,Victoria,Monday,False,False,None,False,21,22
2025-02-18,Victoria,Tuesday,False,False,None,False,20,23
2025-02-19,Victoria,Wednesday,False,False,None,False,19,24
2025-02-20,Victoria,Thursday,False,False,None,False,18,25
2025-02-21,Victoria,Friday,False,False,None,False,17,26
2025-02-22,Victoria,Saturday,True,False,None,False,16,27
2025-02-23,Victoria,Sunday,True,False,None,False,15,28
2025-02-24,Victoria,Monday,False,False,None,False,14,29
2025-02-25,Victoria,Tuesday,False,False,None,False,13,30
2025-02-26,Victoria,Wednesday,False,False,None,False,12,30
2025-02-27,Victoria,Thursday,False,False,None,False,11,30
2025-02-28,Victoria,Friday,False,False,None,False,10,30
2025-03-01,Victoria,Saturday,True,False,None,False,9,30
2025-03-02,Victoria,Sunday,True,False,None,False,8,30
2025-03-03,Victoria,Monday,False,False,None,False,7,30
2025-03-04,Victoria,Tuesday,False,False,None,False,6,30
2025-03-05,Victoria,Wednesday,False,False,None,False,5,30
2025-03-06,Victoria,Thursday,False,False,None,False,4,30
2025-03-07,Victoria,Friday,False,False,None,False,3,30
2025-03-08,Victoria,Saturday,True,False,None,False,2,30
2025-03-09,Victoria,Sunday,True,False,None,False,1,30
2025-03-10,Victoria,Monday,False,True,Labour Day,False,0,0
2025-03-11,Victoria,Tuesday,False,False,None,False,30,1
2025-03-12,Victoria,Wednesday,False,False,None,False,30,2
2025-03-13,Victoria,Thursday,False,False,None,False,30,3
2025-03-14,Victoria,Friday,False,False,None,False,30,4
2025-03-15,Victoria,Saturday,True,False,None,False,30,5
2025-03-16,Victoria,Sunday,True,False,None,False,30,6
2025-03-17,Victoria,Monday,False,False,None,False,30,7
2025-03-18,Victoria,Tuesday,False,False,None,False,30,8
2025-03-19,Victoria,Wednesday,False,False,None,False,30,9
2025-03-20,Victoria,Thursday,False,False,None,False,29,10
2025-03-21,Victoria,Friday,False,False,None,False,28,11
2025-03-22,Victoria,Saturday,True,False,None,False,27,12
2025-03-23,Victoria,Sunday,True,False,None,False,26,13
2025-03-24,Victoria,Monday,False,False,None,False,25,14
2025-03-25,Victoria,Tuesday,False,False,None,False,24,15
2025-03-26,Victoria,Wednesday,False,False,None,False,23,16
2025-03-27,Victoria,Thursday,False,False,None,False,22,17
2025-03-28,Victoria,Friday,False,False,None,False,21,18
2025-03-29,Victoria,Saturday,True,False,None,False,20,19
2025-03-30,Victoria,Sunday,True,False,None,False,19,20
2025-03-31,Victoria,Monday,False,False,None,False,18,21
2025-04-01,Victoria,Tuesday,False,False,None,False,17,22
2025-04-02,Victoria,Wednesday,False,False,None,False,16,23
2025-04-03,Victoria,Thursday,False,False,None,False,15,24
2025-04-04,Victoria,Friday,False,False,None,False,14,25
2025-04-05,Victoria,Saturday,True,False,None,False,13,26
2025-04-06,Victoria,Sunday,True,False,None,False,12,27
2025-04-07,Victoria,Monday,False,False,None,False,11,28
2025-04-08,Victoria,Tuesday,False,False,None,False,10,29
2025-04-09,Victoria,Wednesday,False,False,None,False,9,30
2025-04-10,Victoria,Thursday,False,False,None,False,8,30
2025-04-11,Victoria,Friday,False,False,None,False,7,30
2025-04-12,Victoria,Saturday,True,False,None,False,6,30
2025-04-13,Victoria,Sunday,True,False,None,True,5,30
2025-04-14,Victoria,Monday,False,False,None,True,4,30
2025-04-15,Victoria,Tuesday,False,False,None,True,3,30
2025-04-16,Victoria,Wednesday,False,False,None,True,2,30
2025-04-17,Victoria,Thursday,False,False,None,True,1,30
2025-04-18,Victoria,Friday,False,True,Good Friday,True,0,0
2025-04-19,Victoria,Saturday,True,True,Easter Saturday,True,0,0
2025-04-20,Victoria,Sunday,True,False,None,True,1,1
2025-04-21,Victoria,Monday,False,True,Easter Monday,True,0,0
2025-04-22,Victoria,Tuesday,False,False,None,True,3,1
2025-04-23,Victoria,Wednesday,False,False,None,True,2,2
2025-04-24,Victoria,Thursday,False,False,None,True,1,3
2025-04-25,Victoria,Friday,False,True,ANZAC Day,True,0,0
2025-04-26,Victoria,Saturday,True,False,None,True,30,1
2025-04-27,Victoria,Sunday,True,False,None,True,30,2
2025-04-28,Victoria,Monday,False,False,None,False,30,3
2025-04-29,Victoria,Tuesday,False,False,None,False,30,4
2025-04-30,Victoria,Wednesday,False,False,None,False,30,5
2025-05-01,Victoria,Thursday,False,False,None,False,30,6
2025-05-02,Victoria,Friday,False,False,None,False,30,7
2025-05-03,Victoria,Saturday,True,False,None,False,30,8
2025-05-04,Victoria,Sunday,True,False,None,False,30,9
2025-05-05,Victoria,Monday,False,False,None,False,30,10
2025-05-06,Victoria,Tuesday,False,False,None,False,30,11
2025-05-07,Victoria,Wednesday,False,False,None,False,30,12
2025-05-08,Victoria,Thursday,False,False,None,False,30,13
2025-05-09,Victoria,Friday,False,False,None,False,30,14
2025-05-10,Victoria,Saturday,True,False,None,False,30,15
2025-05-11,Victoria,Sunday,True,False,None,False,29,16
2025-05-12,Victoria,Monday,False,False,None,False,28,17
2025-05-13,Victoria,Tuesday,False,False,None,False,27,18
2025-05-14,Victoria,Wednesday,False,False,None,False,26,19
2025-05-15,Victoria,Thursday,False,False,None,False,25,20
2025-05-16,Victoria,Friday,False,False,None,False,24,21
2025-05-17,Victoria,Saturday,True,False,None,False,23,22
2025-05-18,Victoria,Sunday,True,False,None,False,22,23
2025-05-19,Victoria,Monday,False,False,None,False,21,24
2025-05-20,Victoria,Tuesday,False,False,None,False,20,25
2025-05-21,Victoria,Wednesday,False,False,None,False,19,26
2025-05-22,Victoria,Thursday,False,False,None,False,18,27
2025-05-23,Victoria,Friday,False,False,None,False,17,28
2025-05-24,Victoria,Saturday,True,False,None,False,16,29
2025-05-25,Victoria,Sunday,True,False,None,False,15,30
2025-05-26,Victoria,Monday,False,False,None,False,14,30
2025-05-27,Victoria,Tuesday,False,False,None,False,13,30
2025-05-28,Victoria,Wednesday,False,False,None,False,12,30
2025-05-29,Victoria,Thursday,False,False,None,False,11,30
2025-05-30,Victoria,Friday,False,False,None,False,10,30
2025-05-31,Victoria,Saturday,True,False,None,False,9,30
2025-06-01,Victoria,Sunday,True,False,None,False,8,30
2025-06-02,Victoria,Monday,False,False,None,False,7,30
2025-06-03,Victoria,Tuesday,False,False,None,False,6,30
2025-06-04,Victoria,Wednesday,False,False,None,False,5,30
2025-06-05,Victoria,Thursday,False,False,None,False,4,30
2025-06-06,Victoria,Friday,False,False,None,False,3,30
2025-06-07,Victoria,Saturday,True,False,None,False,2,30
2025-06-08,Victoria,Sunday,True,False,None,False,1,30
2025-06-09,Victoria,Monday,False,True,King's Birthday,False,0,0
2025-06-10,Victoria,Tuesday,False,False,None,False,30,1
2025-06-11,Victoria,Wednesday,False,False,None,False,30,2
2025-06-12,Victoria,Thursday,False,False,None,False,30,3
2025-06-13,Victoria,Friday,False,False,None,False,30,4
2025-06-14,Victoria,Saturday,True,False,None,False,30,5
2025-06-15,Victoria,Sunday,True,False,None,False,30,6
2025-06-16,Victoria,Monday,False,False,None,False,30,7
2025-06-17,Victoria,Tuesday,False,False,None,False,30,8
2025-06-18,Victoria,Wednesday,False,False,None,False,30,9
2025-06-19,Victoria,Thursday,False,False,None,False,30,10
2025-06-20,Victoria,Friday,False,False,None,False,30,11
2025-06-21,Victoria,Saturday,True,False,None,False,30,12
2025-06-22,Victoria,Sunday,True,False,None,False,30,13
2025-06-23,Victoria,Monday,False,False,None,False,30,14
2025-06-24,Victoria,Tuesday,False,False,None,False,30,15
2025-06-25,Victoria,Wednesday,False,False,None,False,30,16
2025-06-26,Victoria,Thursday,False,False,None,False,30,17
2025-06-27,Victoria,Friday,False,False,None,False,30,18
2025-06-28,Victoria,Saturday,True,False,None,True,30,19
2025-06-29,Victoria,Sunday,True,False,None,True,30,20
2025-06-30,Victoria,Monday,False,False,None,True,30,21
2025-07-01,Victoria,Tuesday,False,False,None,True,30,22
2025-07-02,Victoria,Wednesday,False,False,None,True,30,23
2025-07-03,Victoria,Thursday,False,False,None,True,30,24
2025-07-04,Victoria,Friday,False,False,None,True,30,25
2025-07-05,Victoria,Saturday,True,False,None,True,30,26
2025-07-06,Victoria,Sunday,True,False,None,True,30,27
2025-07-07,Victoria,Monday,False,False,None,True,30,28
2025-07-08,Victoria,Tuesday,False,False,None,True,30,29
2025-07-09,Victoria,Wednesday,False,False,None,True,30,30
2025-07-10,Victoria,Thursday,False,False,None,True,30,30
2025-07-11,Victoria,Friday,False,False,None,True,30,30
2025-07-12,Victoria,Saturday,True,False,None,True,30,30
2025-07-13,Victoria,Sunday,True,False,None,True,30,30
2025-07-14,Victoria,Monday,False,False,None,True,30,30
2025-07-15,Victoria,Tuesday,False,False,None,False,30,30
2025-07-16,Victoria,Wednesday,False,False,None,False,30,30
2025-07-17,Victoria,Thursday,False,False,None,False,30,30
2025-07-18,Victoria,Friday,False,False,None,False,30,30
2025-07-19,Victoria,Saturday,True,False,None,False,30,30
2025-07-20,Victoria,Sunday,True,False,None,False,30,30
2025-07-21,Victoria,Monday,False,False,None,False,30,30
2025-07-22,Victoria,Tuesday,False,False,None,False,30,30
2025-07-23,Victoria,Wednesday,False,False,None,False,30,30
2025-07-24,Victoria,Thursday,False,False,None,False,30,30
2025-07-25,Victoria,Friday,False,False,None,False,30,30
2025-07-26,Victoria,Saturday,True,False,None,False,30,30
2025-07-27,Victoria,Sunday,True,False,None,False,30,30
2025-07-28,Victoria,Monday,False,False,None,False,30,30
2025-07-29,Victoria,Tuesday,False,False,None,False,30,30
2025-07-30,Victoria,Wednesday,False,False,None,False,30,30
2025-07-31,Victoria,Thursday,False,False,None,False,30,30
2025-08-01,Victoria,Friday,False,False,None,False,30,30
2025-08-02,Victoria,Saturday,True,False,None,False,30,30
2025-08-03,Victoria,Sunday,True,False,None,False,30,30
2025-08-04,Victoria,Monday,False,False,None,False,30,30
2025-08-05,Victoria,Tuesday,False,False,None,False,30,30
2025-08-06,Victoria,Wednesday,False,False,None,False,30,30
2025-08-07,Victoria,Thursday,False,False,None,False,30,30
2025-08-08,Victoria,Friday,False,False,None,False,30,30
2025-08-09,Victoria,Saturday,True,False,None,False,30,30
2025-08-10,Victoria,Sunday,True,False,None,False,30,30
2025-08-11,Victoria,Monday,False,False,None,False,30,30
2025-08-12,Victoria,Tuesday,False,False,None,False,30,30
2025-08-13,Victoria,Wednesday,False,False,None,False,30,30
2025-08-14,Victoria,Thursday,False,False,None,False,30,30
2025-08-15,Victoria,Friday,False,False,None,False,30,30
2025-08-16,Victoria,Saturday,True,False,None,False,30,30
2025-08-17,Victoria,Sunday,True,False,None,False,30,30
2025-08-18,Victoria,Monday,False,False,None,False,30,30
2025-08-19,Victoria,Tuesday,False,False,None,False,30,30
2025-08-20,Victoria,Wednesday,False,False,None,False,30,30
2025-08-21,Victoria,Thursday,False,False,None,False,30,30
2025-08-22,Victoria,Friday,False,False,None,False,30,30
2025-08-23,Victoria,Saturday,True,False,None,False,30,30
2025-08-24,Victoria,Sunday,True,False,None,False,30,30
2025-08-25,Victoria,Monday,False,False,None,False,30,30
2025-08-26,Victoria,Tuesday,False,False,None,False,30,30
2025-08-27,Victoria,Wednesday,False,False,None,False,30,30
2025-08-28,Victoria,Thursday,False,False,None,False,30,30
2025-08-29,Victoria,Friday,False,False,None,False,30,30
2025-08-30,Victoria,Saturday,True,False,None,False,30,30
2025-08-31,Victoria,Sunday,True,False,None,False,30,30
2025-09-01,Victoria,Monday,False,False,None,False,30,30
2025-09-02,Victoria,Tuesday,False,False,None,False,30,30
2025-09-03,Victoria,Wednesday,False,False,None,False,30,30
2025-09-04,Victoria,Thursday,False,False,None,False,30,30
2025-09-05,Victoria,Friday,False,False,None,False,30,30
2025-09-06,Victoria,Saturday,True,False,None,False,30,30
2025-09-07,Victoria,Sunday,True,False,None,False,30,30
2025-09-08,Victoria,Monday,False,False,None,False,30,30
2025-09-09,Victoria,Tuesday,False,False,None,False,30,30
2025-09-10,Victoria,Wednesday,False,False,None,False,30,30
2025-09-11,Victoria,Thursday,False,False,None,False,30,30
2025-09-12,Victoria,Friday,False,False,None,False,30,30
2025-09-13,Victoria,Saturday,True,False,None,False,30,30
2025-09-14,Victoria,Sunday,True,False,None,False,30,30
2025-09-15,Victoria,Monday,False,False,None,False,30,30
2025-09-16,Victoria,Tuesday,False,False,None,False,30,30
2025-09-17,Victoria,Wednesday,False,False,None,False,30,30
2025-09-18,Victoria,Thursday,False,False,None,False,30,30
2025-09-19,Victoria,Friday,False,False,None,False,30,30
2025-09-20,Victoria,Saturday,True,False,None,False,30,30
2025-09-21,Victoria,Sunday,True,False,None,True,30,30
2025-09-22,Victoria,Monday,False,False,None,True,30,30
2025-09-23,Victoria,Tuesday,False,False,None,True,30,30
2025-09-24,Victoria,Wednesday,False,False,None,True,30,30
2025-09-25,Victoria,Thursday,False,False,None,True,30,30
2025-09-26,Victoria,Friday,False,False,None,True,30,30
2025-09-27,Victoria,Saturday,True,False,None,True,30,30
2025-09-28,Victoria,Sunday,True,False,None,True,30,30
2025-09-29,Victoria,Monday,False,False,None,True,30,30
2025-09-30,Victoria,Tuesday,False,False,None,True,30,30
2025-10-01,Victoria,Wednesday,False,False,None,True,30,30
2025-10-02,Victoria,Thursday,False,False,None,True,30,30
2025-10-03,Victoria,Friday,False,False,None,True,30,30
2025-10-04,Victoria,Saturday,True,False,None,True,30,30
2025-10-05,Victoria,Sunday,True,False,None,True,30,30
2025-10-06,Victoria,Monday,False,False,None,True,29,30
2025-10-07,Victoria,Tuesday,False,False,None,False,28,30
2025-10-08,Victoria,Wednesday,False,False,None,False,27,30
2025-10-09,Victoria,Thursday,False,False,None,False,26,30
2025-10-10,Victoria,Friday,False,False,None,False,25,30
2025-10-11,Victoria,Saturday,True,False,None,False,24,30
2025-10-12,Victoria,Sunday,True,False,None,False,23,30
2025-10-13,Victoria,Monday,False,False,None,False,22,30
2025-10-14,Victoria,Tuesday,False,False,None,False,21,30
2025-10-15,Victoria,Wednesday,False,False,None,False,20,30
2025-10-16,Victoria,Thursday,False,False,None,False,19,30
2025-10-17,Victoria,Friday,False,False,None,False,18,30
2025-10-18,Victoria,Saturday,True,False,None,False,17,30
2025-10-19,Victoria,Sunday,True,False,None,False,16,30
2025-10-20,Victoria,Monday,False,False,None,False,15,30
2025-10-21,Victoria,Tuesday,False,False,None,False,14,30
2025-10-22,Victoria,Wednesday,False,False,None,False,13,30
2025-10-23,Victoria,Thursday,False,False,None,False,12,30
2025-10-24,Victoria,Friday,False,False,None,False,11,30
2025-10-25,Victoria,Saturday,True,False,None,False,10,30
2025-10-26,Victoria,Sunday,True,False,None,False,9,30
2025-10-27,Victoria,Monday,False,False,None,False,8,30
2025-10-28,Victoria,Tuesday,False,False,None,False,7,30
2025-10-29,Victoria,Wednesday,False,False,None,False,6,30
2025-10-30,Victoria,Thursday,False,False,None,False,5,30
2025-10-31,Victoria,Friday,False,False,None,False,4,30
2025-11-01,Victoria,Saturday,True,False,None,False,3,30
2025-11-02,Victoria,Sunday,True,False,None,False,2,30
2025-11-03,Victoria,Monday,False,False,None,False,1,30
2025-11-04,Victoria,Tuesday,False,True,Melbourne Cup,False,0,0
2025-11-05,Victoria,Wednesday,False,False,None,False,30,1
2025-11-06,Victoria,Thursday,False,False,None,False,30,2
2025-11-07,Victoria,Friday,False,False,None,False,30,3
2025-11-08,Victoria,Saturday,True,False,None,False,30,4
2025-11-09,Victoria,Sunday,True,False,None,False,30,5
2025-11-10,Victoria,Monday,False,False,None,False,30,6
2025-11-11,Victoria,Tuesday,False,False,None,False,30,7
2025-11-12,Victoria,Wednesday,False,False,None,False,30,8
2025-11-13,Victoria,Thursday,False,False,None,False,30,9
2025-11-14,Victoria,Friday,False,False,None,False,30,10
2025-11-15,Victoria,Saturday,True,False,None,False,30,11
2025-11-16,Victoria,Sunday,True,False,None,False,30,12
2025-11-17,Victoria,Monday,False,False,None,False,30,13
2025-11-18,Victoria,Tuesday,False,False,None,False,30,14
2025-11-19,Victoria,Wednesday,False,False,None,False,30,15
2025-11-20,Victoria,Thursday,False,False,None,False,30,16
2025-11-21,Victoria,Friday,False,False,None,False,30,17
2025-11-22,Victoria,Saturday,True,False,None,False,30,18
2025-11-23,Victoria,Sunday,True,False,None,False,30,19
2025-11-24,Victoria,Monday,False,False,None,False,30,20
2025-11-25,Victoria,Tuesday,False,False,None,False,30,21
2025-11-26,Victoria,Wednesday,False,False,None,False,29,22
2025-11-27,Victoria,Thursday,False,False,None,False,28,23
2025-11-28,Victoria,Friday,False,False,None,False,27,24
2025-11-29,Victoria,Saturday,True,False,None,False,26,25
2025-11-30,Victoria,Sunday,True,False,None,False,25,26
2025-12-01,Victoria,Monday,False,False,None,False,24,27
2025-12-02,Victoria,Tuesday,False,False,None,False,23,28
2025-12-03,Victoria,Wednesday,False,False,None,False,22,29
2025-12-04,Victoria,Thursday,False,False,None,False,21,30
2025-12-05,Victoria,Friday,False,False,None,False,20,30
2025-12-06,Victoria,Saturday,True,False,None,False,19,30
2025-12-07,Victoria,Sunday,True,False,None,False,18,30
2025-12-08,Victoria,Monday,False,False,None,False,17,30
2025-12-09,Victoria,Tuesday,False,False,None,False,16,30
2025-12-10,Victoria,Wednesday,False,False,None,False,15,30
2025-12-11,Victoria,Thursday,False,False,None,False,14,30
2025-12-12,Victoria,Friday,False,False,None,False,13,30
2025-12-13,Victoria,Saturday,True,False,None,False,12,30
2025-12-14,Victoria,Sunday,True,False,None,False,11,30
2025-12-15,Victoria,Monday,False,False,None,False,10,30
2025-12-16,Victoria,Tuesday,False,False,None,False,9,30
2025-12-17,Victoria,Wednesday,False,False,None,False,8,30
2025-12-18,Victoria,Thursday,False,False,None,True,7,30
2025-12-19,Victoria,Friday,False,False,None,True,6,30
2025-12-20,Victoria,Saturday,True,False,None,True,5,30
2025-12-21,Victoria,Sunday,True,False,None,True,4,30
2025-12-22,Victoria,Monday,False,False,None,True,3,30
2025-12-23,Victoria,Tuesday,False,False,None,True,2,30
2025-12-24,Victoria,Wednesday,False,False,None,True,1,30
2025-12-25,Victoria,Thursday,False,True,Christmas Day,True,0,0
2025-12-26,Victoria,Friday,False,True,Boxing Day,True,0,0
2025-12-27,Victoria,Saturday,True,False,None,True,30,1
2025-12-28,Victoria,Sunday,True,False,None,True,30,2
2025-12-29,Victoria,Monday,False,False,None,True,30,3
2025-12-30,Victoria,Tuesday,False,False,None,True,30,4
2025-12-31,Victoria,Wednesday,False,False,None,True,30,5
